initializing xbee... 
starting print thread... 
starting setpoint thread... 
initializing imu... 
initializing controller...
initializing motors...
PWM intializedPins initializedresetting encoders...
initializing odometry...
attaching imu interupt...
we are running!!!...

RUNNING: Hold upright to balance.
                 SENSORS               |            MOCAP            |
    θ    |    φ    |  Time   |  Gamma  |  L Enc  |  R Enc  |    X    |    Y    |    ψ    | Sat Flag|
483409583,0.000,
524159166,-0.001,
564520416,-0.006,
604807625,-0.008,
645132750,0.001,
685500041,0.000,
725782166,0.004,
766120166,0.009,
806453666,0.006,
846739291,0.000,
887017500,-0.003,
927399208,-0.003,
967712125,-0.004,
1007995958,-0.004,
1048442125,-0.006,
1088918958,-0.009,
1129442625,-0.005,
1169744458,-0.004,
1210038458,-0.003,
1250400417,-0.003,
1291029375,-0.003,
1331518792,-0.006,
1372018250,-0.009,
1412511042,-0.008,
1452879458,-0.005,
1493540583,-0.004,
1534034542,-0.001,
1574394875,0.003,
1615250917,0.006,
1655592750,0.004,
1695905167,0.001,
1736392208,0.003,
1776900667,-0.003,
1817415417,-0.008,
1857753333,-0.013,
1898036875,-0.009,
1938505583,-0.005,
1979022958,-0.003,
2019537833,-0.010,
2060242292,-0.013,
2100623125,-0.021,
2141112917,-0.013,
2181566833,-0.005,
2222081625,0.000,
2262522042,-0.003,
2303164292,-0.006,
2343662458,-0.013,
2384233500,-0.014,
2424540708,-0.006,
2464838833,-0.004,
2505440958,0.004,
2546709208,-0.005,
2587308792,0.000,
2627670417,0.000,
2667953000,0.004,
2708555375,-0.003,
2748870625,-0.001,
2789409375,-0.013,
2829922042,-0.009,
2870438958,-0.006,
2910774792,-0.004,
2951141458,-0.009,
2991921042,-0.010,
3032310417,-0.010,
3072632792,-0.012,
3112951750,-0.003,
3153448917,0.003,
3193930333,0.001,
3234244792,-0.003,
3274542167,-0.006,
3314925167,-0.005,
3356095833,-0.009,
3396386083,-0.003,
3436672750,-0.003,
3477033208,-0.003,
3517544208,-0.003,
3558156375,-0.004,
3598538792,-0.001,
3639169417,-0.001,
3679485792,0.000,
3719846125,0.000,
3760220708,0.000,
3800599417,0.000,
3841044542,0.000,
3881462042,0.004,
3921791792,0.000,
3962152792,-0.004,
4002746292,-0.005,
4043243375,-0.005,
4083881959,-0.013,
4124195375,-0.013,
4164492875,-0.006,
4204787959,-0.001,
4245998417,0.003,
4286403667,-0.008,
4326859375,-0.009,
4367169875,-0.013,
4407450917,-0.008,
4447739459,-0.004,
4488083625,-0.001,
4528372375,-0.003,
4568650000,-0.009,
4608926375,-0.013,
4649219834,-0.014,
4689971917,-0.013,
4730351459,-0.009,
4770777000,-0.009,
4811232375,-0.006,
4851618250,-0.006,
4892533542,-0.004,
4933238667,-0.004,
4980259209,-0.003,
5020760667,-0.004,
5061254625,-0.006,
5101981292,-0.010,
5142365792,-0.012,
5182861042,-0.012,
5223358625,-0.012,
5263949834,-0.013,
5304265375,-0.019,
5344559459,-0.023,
5385071292,-0.024,
5425436459,-0.013,
5467074875,-0.004,
5507596667,-0.003,
5548071167,-0.001,
5588424292,-0.001,
5628916500,-0.001,
5669238459,-0.001,
5709641084,-0.005,
5749980167,-0.019,
5790404792,-0.019,
5830772334,-0.012,
5871266750,-0.004,
5911762000,-0.006,
5952150209,-0.004,
5992642250,-0.005,
6033137042,-0.009,
6073859542,-0.010,
6114238709,-0.014,
6154541084,-0.019,
6194993750,-0.022,
6235440125,-0.018,
6275784584,-0.009,
6316096125,-0.012,
6356390167,-0.008,
6396795542,-0.008,
6437269375,0.001,
6477804000,-0.005,
6518104750,-0.004,
6558552834,-0.006,
6598860876,-0.005,
6639324417,-0.006,
6679638917,-0.006,
6720015542,-0.012,
6760421542,-0.009,
6801056084,-0.009,
6841572542,-0.001,
6882101792,0.001,
6922565334,-0.001,
6962954167,-0.006,
7003773917,-0.009,
7044178626,-0.012,
7084478167,-0.009,
7124816126,-0.004,
7166022042,-0.001,
7206350417,-0.001,
7246810209,-0.001,
7287583584,-0.008,
7327884042,-0.010,
7368162042,-0.014,
7408438459,-0.015,
7448900667,-0.014,
7489700459,-0.013,
7530419501,-0.012,
7570911251,-0.008,
7611317251,-0.003,
7651951751,0.001,
7692449501,0.003,
7732980376,0.001,
7773498167,-0.004,
7813988376,-0.009,
7854300209,-0.014,
7894740834,-0.021,
7935203084,-0.026,
7976486792,-0.031,
8016947834,-0.027,
8057831084,-0.019,
8098522959,-0.005,
8139016917,0.001,
8179515959,0.001,
8220152334,0.001,
8260630834,-0.003,
8301097459,-0.004,
8341582584,-0.004,
8381937626,-0.004,
8422357167,-0.004,
8462831667,-0.004,
8503463917,-0.005,
8544234876,-0.006,
8584515751,-0.013,
8624839876,-0.017,
8665136917,-0.023,
8706649459,-0.028,
8747253709,-0.035,
8787592251,-0.040,
8827875751,-0.043,
8868389001,-0.037,
8908771501,-0.022,
8949089584,-0.003,
8989577917,-0.009,
9030297126,-0.001,
9070797209,0.005,
9111429792,0.012,
9151926834,0.018,
9192423501,0.023,
9233072876,0.022,
9273477876,0.015,
9314121209,0.008,
9354431626,0.003,
9394882584,0.009,
9435196418,-0.001,
9475516001,-0.003,
9515824126,-0.008,
9556190751,-0.013,
9596630251,-0.017,
9636924459,-0.019,
9677210001,-0.019,
9717592584,-0.014,
9757885126,-0.008,
9798174876,-0.010,
9838668751,-0.009,
9878969709,-0.008,
9919261626,-0.006,
9959548584,-0.010,
10003684334,-0.009,
10044027584,-0.009,
10084321918,-0.006,
10124671084,-0.008,
10165742001,-0.009,
10206013001,-0.006,
10246288084,-0.012,
10286578168,-0.015,
10327119001,-0.012,
10367417584,-0.009,
10407691459,-0.009,
10448012709,-0.009,
10488297626,-0.009,
10528650626,-0.009,
10569015668,-0.009,
10609418584,-0.009,
10649821126,-0.009,
10690245084,-0.008,
10730741876,-0.009,
10771267126,-0.004,
10811765043,-0.001,
10852220918,-0.001,
10892607418,-0.005,
10932998584,-0.005,
10973747001,-0.001,
11014060876,-0.001,
11054386293,-0.003,
11094756834,-0.003,
11136090668,-0.003,
11176843668,-0.003,
11217378043,-0.003,
11257725293,-0.003,
11298060543,-0.003,
11338352168,-0.003,
11378629459,-0.003,
11418920543,-0.003,
11459582543,-0.003,
11499936668,-0.004,
11540291126,-0.010,
11580679418,-0.014,
11620991584,-0.021,
11661487334,-0.022,
11702035126,-0.023,
11742530543,-0.027,
11783169501,-0.032,
11823747001,-0.035,
11864057834,-0.036,
11904480334,-0.040,
11944927793,-0.045,
11985633418,-0.055,
12026000459,-0.053,
12066602918,-0.043,
12107234543,-0.022,
12147861584,-0.013,
12188173793,-0.004,
12228632210,0.005,
12269267668,0.013,
12309728585,0.012,
12350380501,0.006,
12390707793,0.006,
12431058668,0.003,
12471351085,0.008,
12511815543,0.003,
12552339043,0.000,
12592822460,-0.001,
12633555585,-0.003,
12673902501,-0.010,
12714276501,-0.014,
12754593751,-0.014,
12795837043,-0.015,
12836293626,-0.017,
12877409210,-0.017,
12917769543,-0.013,
12958089085,-0.014,
12998454876,-0.017,
13038773418,-0.015,
13079242460,-0.014,
13119597626,-0.014,
13160073835,-0.013,
13200572668,-0.013,
13241215001,-0.015,
13282008168,-0.019,
13322634043,-0.019,
13363408751,-0.019,
13403738918,-0.061,
13444159876,-0.215,
13484456501,-0.460,
13525125626,-0.790,
13566503293,-1.296,
13606775585,-1.729,
13647216001,-2.206,
13687828418,-2.677,
13728281251,-3.058,
13768627710,3.030,
13809109710,2.987,
13849642960,2.947,
13889991126,2.958,
13930387043,3.039,
13971176751,2.968,
14011699376,-3.107,
14052207376,-2.901,
14092718626,-2.770,
14133230085,-2.702,
14173883376,-2.698,
14214399293,-2.754,
14255494460,-2.842,
14295779418,-2.895,
14336058876,-2.923,
14376373126,-2.926,
14416839210,-2.919,
14457153751,-2.896,
14497787335,-2.891,
14538297626,-2.874,
14578807501,-2.870,
14619316585,-2.868,
14659822126,-2.879,
14700304960,-2.892,
14740814001,-2.895,
14781387751,-2.896,
14821898001,-2.889,
14862412043,-2.892,
14902899876,-2.891,
14943209543,-2.887,
14983602127,-2.883,
15028191043,-2.882,
15068678710,-2.881,
15109167002,-2.890,
15149760377,-2.892,
15190272210,-2.896,
15230764543,-2.899,
15271275335,-2.895,
15311788127,-2.894,
15352299877,-2.887,
15392810293,-2.886,
15433504502,-2.887,
15473849210,-2.887,
15514129043,-2.890,
15554413043,-2.892,
15595526502,-2.892,
15635810127,-2.892,
15676086377,-2.890,
15716371627,-2.889,
15756654293,-2.885,
15797168335,-2.886,
15837527085,-2.885,
15877853043,-2.885,
15918364752,-2.890,
15958877085,-2.891,
15999211127,-2.891,
16039725585,-2.891,
16080412460,-2.890,
16120728668,-2.890,
16161086585,-2.889,
16201472627,-2.889,
16241976710,-2.886,
16282381085,-2.886,
16322869127,-2.886,
16363460585,-2.892,
16403774377,-2.892,
16444070418,-2.886,
16484352043,-2.881,
16524640252,-2.879,
16564930377,-2.878,
16605486377,-2.878,
16645787293,-2.878,
16686058377,-2.883,
16726484418,-2.883,
16767065210,-2.885,
16807392918,-2.883,
16847847710,-2.876,
16888227502,-2.881,
16928713418,-2.877,
16969026377,-2.873,
17009514252,-2.867,
17050026960,-2.869,
17090601293,-2.873,
17131258460,-2.874,
17171744293,-2.877,
17212373585,-2.882,
17252757585,-2.891,
17293504252,-2.899,
17333835418,-2.907,
17374114502,-2.907,
17414428835,-2.905,
17455560127,-2.850,
17495923377,-2.690,
17536198210,-2.439,
17576638127,-2.110,
17616950960,-1.720,
17657678002,-1.287,
17698016835,-0.824,
17738472877,-0.343,
17778772044,0.090,
17819235419,0.340,
17859557835,0.390,
17899920460,0.464,
17940407377,0.504,
17980881877,0.458,
18021399294,0.322,
18061914210,0.139,
18102412460,-0.008,
18142928835,-0.110,
18183393044,-0.163,
18223736960,-0.156,
18264032377,-0.097,
18304330460,-0.038,
18345690210,0.022,
18386306710,0.047,
18426682044,0.040,
18467097585,0.033,
18507402127,0.020,
18547681044,0.007,
18588140669,-0.005,
18628632169,-0.011,
18669056127,-0.023,
18709458710,-0.008,
18749762169,0.005,
18790258752,0.009,
18830938544,0.014,
18871325419,0.011,
18911963877,-0.002,
18952334294,-0.004,
18992631377,-0.003,
19033204252,-0.002,
19073655294,-0.000,
19113942127,-0.000,
19154304294,0.005,
19195336002,-0.000,
19235621169,-0.005,
19275972294,-0.003,
19316459794,-0.002,
19356980127,-0.002,
19397264460,-0.002,
19437840710,0.005,
19478317960,0.009,
19518938335,0.006,
19559838544,0.005,
19600301752,0.007,
19640780627,0.010,
19681150044,0.010,
19721640085,0.010,
19762135377,0.011,
19802607919,0.013,
19843194544,0.006,
19883559002,-0.004,
19923879044,0.002,
19964177252,-0.003,
20004511169,-0.002,
20049901252,0.004,
20090308460,-0.002,
20130737002,-0.002,
20171278835,-0.003,
20211938502,-0.003,
20252456252,-0.000,
20292849169,-0.003,
20333613335,-0.000,
20373916252,-0.000,
20414206002,0.006,
20455619044,0.002,
20495970877,-0.005,
20536280127,-0.009,
20576633877,-0.016,
20616950252,-0.009,
20657239252,-0.002,
20697603461,-0.004,
20738089877,-0.004,
20778953461,-0.003,
20819233419,-0.003,
20859729211,-0.003,
20900246044,-0.003,
20940762836,-0.003,
20981093044,-0.002,
21021566086,-0.002,
21061879544,-0.002,
21102201669,-0.002,
21142591461,-0.002,
21183115961,-0.002,
21223485169,-0.002,
21263925877,-0.004,
21304288836,-0.004,
21345891169,-0.004,
21386177336,-0.004,
21426453211,-0.004,
21466816294,-0.004,
21507092961,-0.004,
21547383502,-0.003,
21587665752,-0.003,
21627957461,-0.000,
21668297627,-0.000,
21708900711,0.001,
21749281961,-0.004,
21790081544,-0.003,
21830436377,-0.003,
21870803669,-0.003,
21911182711,-0.003,
21951567919,0.001,
21992103877,-0.005,
22032489086,-0.002,
22072844044,-0.002,
22113389961,0.004,
22153679586,-0.002,
22194168294,-0.007,
22234471502,-0.011,
22275227211,-0.011,
22316310961,-0.000,
22356773002,-0.002,
22397093252,-0.000,
22437395836,0.005,
22477686419,0.005,
22517978502,-0.004,
22558265836,-0.005,
22598873836,-0.005,
22639366336,-0.005,
22680120419,-0.004,
22720615044,-0.004,
22761252377,-0.004,
22801893544,-0.005,
22842198502,-0.003,
22883051419,0.001,
22923394627,0.001,
22963684752,0.005,
23003982919,-0.002,
23044347669,-0.003,
23085747252,0.007,
23126053502,0.002,
23166336586,0.001,
23206798711,-0.005,
23247570377,-0.003,
23288188919,-0.004,
23328499169,-0.004,
23368830711,-0.004,
23409163253,-0.004,
23449744669,-0.004,
23490252919,-0.004,
23530557669,-0.004,
23570843836,-0.005,
23611143211,-0.011,
23651763461,-0.012,
23692142628,-0.007,
23732524128,-0.002,
23772913086,0.004,
23813202169,0.001,
23853687169,-0.003,
23893977378,-0.003,
23934373336,-0.003,
23975735669,-0.003,
24016089294,-0.004,
24056442669,-0.000,
24097040711,-0.002,
24137377003,-0.005,
24177725669,-0.003,
24218339919,-0.008,
24258901294,-0.004,
24299321794,-0.000,
24339810794,0.001,
24380340544,0.002,
24420852169,0.005,
24461372919,0.004,
24501891253,0.002,
24542408836,0.005,
24583019503,-0.000,
24623404669,-0.000,
24663705044,-0.000,
24704030044,0.006,
24744621378,0.014,
24784909128,0.018,
24825193128,0.018,
24865541669,0.018,
24906087378,0.020,
24946531794,0.018,
24986835878,0.007,
25027118419,0.006,
25071654086,0.006,
25112148544,0.006,
25152555794,0.005,
25193109336,-0.000,
25233557003,0.001,
25273846419,-0.003,
25314239669,-0.004,
25355273419,-0.004,
25395563628,0.005,
25435842294,0.005,
25476243461,0.005,
25516702961,0.005,
25557195544,0.006,
25597791586,0.006,
25638127628,0.006,
25678610419,0.006,
25719130711,0.006,
25759791878,0.006,
25800291211,0.006,
25840805419,0.006,
25881378711,0.006,
25922073253,0.006,
25962580836,-0.000,
26003068003,0.004,
26043416919,-0.003,
26083715961,-0.005,
26124050336,-0.011,
26164388586,-0.014,
26204877253,-0.004,
26245160170,0.002,
26285554961,0.004,
26326120586,0.004,
26366455045,0.004,
26406738420,0.005,
26447236586,0.005,
26487754628,0.001,
26528246045,0.005,
26568762378,0.007,
26609255003,0.009,
26649654461,0.011,
26690152086,0.010,
26730900878,0.010,
26771424170,0.005,
26811945336,0.006,
26852460586,0.006,
26892999003,0.006,
26933434961,0.006,
26973756378,0.005,
27014141878,-0.005,
27055293086,-0.005,
27095579128,-0.004,
27136041003,-0.005,
27176354878,-0.011,
27216812711,-0.002,
27257388003,0.001,
27297744586,-0.003,
27338260920,-0.003,
27378967170,-0.003,
27419279670,-0.003,
27459778461,-0.003,
27500163545,-0.002,
27540675420,-0.003,
27581190586,-0.000,
27621768086,0.009,
27662086086,0.011,
27702381128,0.014,
27742993461,0.013,
27783391211,0.010,
27823683086,0.005,
27864547045,0.002,
27904869170,0.005,
27945140961,0.006,
27985516128,0.006,
28025997003,0.006,
28066306878,0.006,
28106593836,0.005,
28146948545,-0.007,
28187462503,-0.007,
28227979836,-0.009,
28268495211,-0.008,
28308990253,-0.011,
28349506920,-0.002,
28390023628,0.006,
28430399836,0.006,
28470912045,0.005,
28511429545,0.005,
28551945003,0.006,
28592437253,0.006,
28632952378,0.006,
28673264128,0.006,
28713707836,0.006,
28753994128,0.005,
28795169420,0.006,
28835458295,0.006,
28875731086,0.005,
28916124378,0.002,
28956407128,-0.000,
28996689212,-0.003,
29037134628,-0.000,
29077624003,-0.002,
29117903587,-0.000,
29158209045,0.002,
29198683753,0.006,
29239177587,0.001,
29279672253,-0.004,
29320000420,-0.005,
29360549337,-0.004,
29401026378,-0.004,
29441549878,-0.004,
29482073295,-0.004,
29522830545,-0.004,
29563143420,-0.004,
29603443712,-0.004,
29643770878,-0.003,
29685475295,0.004,
29725783378,-0.005,
29766269295,-0.005,
29806786212,-0.008,
29847126170,-0.002,
29887481837,-0.008,
29927793337,-0.002,
29968289712,0.005,
30008808795,0.006,
30049386337,0.006,
30093661878,0.006,
30134813920,0.001,
30175099587,-0.004,
30215388920,-0.011,
30255850420,-0.011,
30296239462,-0.009,
30336555628,-0.004,
30376841253,-0.003,
30417382753,-0.002,
30457897295,-0.000,
30498533587,0.002,
30539045045,-0.000,
30579560795,0.004,
30620078087,0.006,
30660400212,0.006,
30700896712,0.006,
30741213003,0.006,
30781791378,0.006,
30822307795,0.005,
30862859837,0.006,
30903162962,-0.002,
30943463545,0.001,
30985024212,-0.007,
31025373378,-0.004,
31065854837,-0.009,
31106168545,0.001,
31146478378,0.006,
31186784337,-0.000,
31227242420,0.007,
31267732253,0.001,
31308227837,-0.005,
31348782337,-0.002,
31389284087,0.002,
31429767628,0.006,
31470284503,0.006,
31510736128,0.005,
31551253628,-0.004,
31591745753,-0.005,
31632247878,-0.000,
31672952753,0.004,
31713349170,0.005,
31753639254,0.002,
31794769129,-0.004,
31835062212,-0.004,
31875361504,-0.004,
31915651212,-0.004,
31955940170,-0.005,
31996230670,-0.008,
32036520129,-0.007,
32076813337,-0.007,
32117105837,-0.002,
32157594837,-0.004,
32198363462,-0.004,
32238696712,-0.004,
32279193837,-0.003,
32319710754,-0.003,
32360354795,-0.005,
32400659712,-0.008,
32441824920,-0.005,
32482183212,-0.008,
32522669170,-0.002,
32562960004,0.001,
32603273420,0.006,
32643555587,0.015,
32683929420,0.005,
32725019045,-0.002,
32765334379,-0.007,
32805824879,-0.003,
32846165837,-0.003,
32886653212,-0.003,
32926982504,-0.003,
32967293170,-0.003,
33007579337,-0.003,
33048079170,-0.003,
33088760212,-0.003,

received SIGINT Ctrl-C
initializing xbee... 
starting print thread... 
starting setpoint thread... 
initializing imu... 
initializing controller...
initializing motors...
PWM intializedPins initializedresetting encoders...
initializing odometry...
attaching imu interupt...
we are running!!!...

RUNNING: Hold upright to balance.
                 SENSORS               |            MOCAP            |
    θ    |    φ    |  Time   |  Gamma  |  L Enc  |  R Enc  |    X    |    Y    |    ψ    | Sat Flag|
482193042,0.000,
522676209,-0.001,
563004750,-0.019,
603771084,-0.021,
644297417,-0.015,
684614709,-0.013,
724908084,-0.010,
765227667,-0.001,
806302500,0.001,
846586417,0.010,
886861667,0.009,
927150584,-0.001,
967436959,-0.003,
1007726250,-0.006,
1048079417,-0.001,
1088569209,0.003,
1129062292,0.004,
1169379834,-0.008,
1209951042,-0.008,
1250362709,-0.009,
1290877709,-0.004,
1331393542,-0.004,
1371909792,-0.006,
1412404584,-0.012,
1452794625,-0.010,
1493304917,-0.010,
1533761042,-0.010,
1574233917,-0.014,
1614579542,-0.018,
1654878542,-0.012,
1695202209,-0.006,
1736416167,-0.003,
1776881001,0.000,
1817259709,0.000,
1857782584,0.000,
1898294834,-0.009,
1938604251,-0.009,
1979100792,-0.008,
2019618626,-0.006,
2060136042,-0.006,
2100654501,-0.006,
2141171042,-0.006,
2181634126,-0.006,
2222006001,-0.006,
2262360917,-0.006,
2302929417,-0.006,
2343448126,-0.003,
2384059084,-0.003,
2424372126,0.000,
2464667542,0.000,
2504991834,-0.003,
2546372542,-0.004,
2586865959,-0.001,
2627170667,-0.003,
2667447542,-0.006,
2707733126,-0.009,
2748425917,-0.009,
2788814834,-0.008,
2829302667,-0.005,
2869902042,0.000,
2910300751,0.001,
2950611209,0.001,
2991016251,0.000,
3031521751,0.001,
3072036834,0.001,
3112554584,0.003,
3153052584,-0.003,
3193379792,0.000,
3234032626,-0.005,
3274342334,0.001,
3314637959,0.000,
3354952126,-0.004,
3395992126,-0.003,
3436277959,-0.010,
3476563917,-0.013,
3517024709,-0.008,
3557344292,-0.003,
3597730292,0.001,
3638009834,0.004,
3678319751,0.005,
3718800459,0.006,
3759315126,0.013,
3799808417,0.005,
3840387167,0.006,
3880898792,0.001,
3921283334,0.000,
3961664084,-0.003,
4002179584,-0.008,
4042698501,-0.008,
4083216042,0.003,
4123589542,-0.005,
4164044459,-0.008,
4204523042,-0.004,
4244843292,0.000,
4285167751,0.000,
4326152001,0.000,
4366421293,-0.001,
4406701959,0.001,
4446986584,0.001,
4487283209,0.000,
4527636543,-0.001,
4568126876,0.001,
4608616584,0.001,
4649107793,-0.001,
4689422251,-0.004,
4729820418,-0.006,
4770316959,-0.001,
4810835251,0.000,
4851250709,0.000,
4891823376,0.000,
4932305418,-0.001,
4972976209,-0.015,
5017774126,-0.018,
5058112209,-0.015,
5098595251,-0.006,
5139046126,-0.010,
5179543293,-0.012,
5220058876,-0.008,
5260550584,-0.009,
5301043793,-0.009,
5341431668,-0.009,
5382000959,-0.009,
5422517918,-0.009,
5463036001,-0.009,
5503353043,-0.009,
5543927168,-0.009,
5584272251,-0.009,
5624571501,-0.001,
5664933918,-0.005,
5706105334,0.000,
5746463709,0.000,
5786899501,-0.001,
5827215334,0.000,
5867482376,-0.003,
5907929626,-0.001,
5948408543,0.000,
5988715834,0.000,
6029166376,0.000,
6069706126,-0.001,
6110036793,-0.003,
6150352834,-0.004,
6190823418,-0.010,
6231136584,-0.015,
6271687168,-0.024,
6312388584,-0.034,
6352712126,-0.035,
6393014084,-0.036,
6433322918,-0.024,
6473840668,-0.018,
6514112376,-0.018,
6554674876,-0.018,
6595859709,-0.018,
6636148959,-0.018,
6676436293,-0.006,
6716896251,-0.008,
6757390793,0.000,
6797806626,0.004,
6838291084,0.004,
6878807293,0.004,
6919322709,0.003,
6959839418,0.003,
7000331043,0.000,
7040839876,0.000,
7081352626,0.000,
7121931751,0.000,
7162447001,0.001,
7202967376,0.000,
7243589335,0.000,
7283947001,-0.003,
7324232793,0.000,
7364580918,-0.003,
7405794126,0.004,
7446078710,0.003,
7486353251,-0.004,
7526686126,-0.010,
7566965710,-0.006,
7607245835,-0.006,
7647527085,-0.006,
7687986376,-0.006,
7728476710,-0.006,
7768942835,-0.006,
7809306876,-0.006,
7849898210,-0.006,
7890414293,-0.006,
7930930793,-0.006,
7971448668,-0.006,
8011801168,-0.005,
8052296335,-0.004,
8092795710,0.001,
8133278876,0.001,
8173849918,0.000,
8214239626,0.003,
8254582543,0.003,
8294918043,0.000,
8336087293,-0.006,
8376614585,-0.008,
8417145460,-0.008,
8457659876,-0.008,
8498019960,-0.004,
8538360710,-0.005,
8579089043,-0.008,
8619605043,-0.010,
8659993543,-0.008,
8700481918,-0.008,
8740999418,-0.008,
8781315335,-0.008,
8821859043,-0.009,
8862464251,-0.012,
8902980376,-0.021,
8943594960,-0.023,
8983904085,-0.022,
9024307626,-0.014,
9064607543,-0.018,
9104950126,-0.019,
9146119710,-0.018,
9186604793,-0.019,
9227096335,-0.018,
9267417251,-0.015,
9307874793,-0.013,
9348367251,-0.005,
9388861001,0.001,
9429456960,0.000,
9470039585,0.009,
9510555960,0.006,
9551065335,0.000,
9591553251,0.000,
9632063251,0.000,
9672572335,-0.001,
9713086876,-0.010,
9753584210,-0.015,
9793948043,-0.017,
9834234085,-0.023,
9874521626,-0.028,
9915642210,-0.027,
9955931793,-0.021,
9996218085,-0.017,
10040541543,-0.017,
10081033627,-0.017,
10121594043,-0.009,
10162007543,-0.009,
10202318002,-0.009,
10242805252,-0.009,
10283411460,-0.008,
10323741585,-0.003,
10364077085,-0.005,
10404372918,0.001,
10445135043,0.003,
10485789252,0.000,
10526335960,0.004,
10566653835,0.001,
10607100210,0.000,
10647581127,0.000,
10687881127,0.000,
10728330043,0.000,
10768819252,0.000,
10809304418,0.000,
10849714543,0.000,
10890205085,0.000,
10930715252,0.000,
10971226877,-0.001,
11011725752,-0.006,
11052223835,-0.012,
11092715793,-0.023,
11134017168,-0.037,
11174334168,-0.045,
11214729627,-0.053,
11255823585,-0.055,
11296271752,-0.049,
11336589585,-0.031,
11377041460,-0.010,
11417367127,-0.009,
11457807793,0.003,
11498294793,0.010,
11538811502,0.012,
11579311085,0.012,
11619625293,0.015,
11660098627,0.010,
11700611918,0.004,
11741129293,0.001,
11781648335,-0.003,
11822037960,-0.009,
11862534502,-0.014,
11903054710,-0.013,
11943494168,-0.008,
11983839043,-0.009,
12024136585,-0.009,
12064477752,-0.010,
12105833710,-0.019,
12146189543,-0.027,
12186521752,-0.031,
12226801543,-0.024,
12267078252,-0.014,
12307572168,-0.022,
12347855293,-0.027,
12388311960,-0.184,
12428786752,-0.411,
12469280335,-0.731,
12509748877,-1.127,
12550257627,-1.578,
12590749377,-2.066,
12631345335,-2.574,
12671850460,-3.006,
12712344043,3.024,
12752727752,2.929,
12793330377,2.938,
12833762294,3.061,
12874033919,3.061,
12914331210,-3.009,
12954659752,-2.823,
12995415335,-2.703,
13035696960,-2.695,
13076173377,-2.744,
13116478294,-2.812,
13157047252,-2.881,
13197359960,-2.917,
13237792794,-2.931,
13278075585,-2.921,
13318413085,-2.912,
13358709544,-2.890,
13398987794,-2.888,
13439339210,-2.873,
13479969835,-2.870,
13520606127,-2.865,
13561134752,-2.878,
13601782210,-2.888,
13642131377,-2.899,
13682436794,-2.899,
13722955460,-2.890,
13763483252,-2.888,
13803812544,-2.885,
13844146710,-2.882,
13884433377,-2.882,
13924774127,-2.883,
13965333169,-2.877,
14006116835,-2.879,
14046604127,-2.885,
14087092502,-2.887,
14127441544,-2.895,
14167715044,-2.896,
14207989294,-2.890,
14248263544,-2.890,
14288657419,-2.887,
14329059585,-2.883,
14369623710,-2.885,
14410112127,-2.883,
14450621835,-2.879,
14491132919,-2.879,
14531518002,-2.879,
14572006169,-2.881,
14612628252,-2.883,
14653233377,-2.888,
14693588169,-2.892,
14733965169,-2.890,
14774272544,-2.886,
14814612585,-2.883,
14855864085,-2.881,
14896322252,-2.881,
14936803502,-2.881,
14977377210,-2.881,
15017833669,-2.881,
15062191460,-2.881,
15102474794,-2.890,
15142751252,-2.890,
15183531210,-2.885,
15223853585,-2.881,
15264130002,-2.876,
15304489419,-2.878,
15345163127,-2.882,
15385442460,-2.882,
15426763835,-2.882,
15467033419,-2.882,
15507475210,-2.882,
15547902002,-2.882,
15588273169,-2.881,
15628757211,-2.881,
15669245919,-2.890,
15709782544,-2.887,
15750299544,-2.890,
15790702711,-2.890,
15831335044,-2.890,
15871842752,-2.890,
15912331502,-2.890,
15952720836,-2.890,
15993204711,-2.890,
16033625044,-2.891,
16073956586,-2.886,
16115166627,-2.888,
16155450669,-2.883,
16195728002,-2.879,
16236034794,-2.874,
16276312419,-2.878,
16316594502,-2.882,
16356875086,-2.879,
16397159502,-2.877,
16437617002,-2.874,
16478241586,-2.882,
16518551627,-2.882,
16559152502,-2.882,
16599458877,-2.882,
16639947544,-2.774,
16680398461,-2.582,
16720888377,-2.299,
16761401086,-1.942,
16802118877,-1.520,
16842610669,-1.055,
16883182086,-0.551,
16923500461,-0.052,
16963799544,0.296,
17004159419,0.432,
17044736294,0.516,
17086237544,0.523,
17126529544,0.414,
17166865877,0.223,
17207339127,0.042,
17248131836,-0.083,
17288608002,-0.164,
17328969794,-0.169,
17369346877,-0.128,
17409857586,-0.059,
17450153919,-0.001,
17490491586,0.046,
17530975836,0.063,
17571592419,0.051,
17612212336,0.036,
17652752169,0.018,
17693243252,-0.004,
17733562127,-0.022,
17773856169,-0.022,
17814348752,-0.031,
17855739294,-0.007,
17896090252,0.002,
17936513919,0.009,
17976835294,0.008,
18017436794,0.001,
18057829502,0.002,
18098137419,0.004,
18138475502,-0.003,
18178942877,-0.001,
18219471211,-0.008,
18260228336,-0.009,
18300867002,-0.012,
18341250378,-0.003,
18381833711,-0.001,
18422489753,0.002,
18462966253,0.009,
18503345419,0.001,
18543638294,-0.005,
18584007419,-0.004,
18625104544,-0.007,
18665394086,-0.001,
18705804794,0.001,
18746098419,0.002,
18786387878,0.001,
18826680836,-0.000,
18866970419,-0.004,
18907309211,-0.004,
18947635044,-0.004,
18987910919,-0.004,
19028416794,-0.004,
19069049419,-0.003,
19109428336,-0.003,
19150231169,-0.001,
19190547128,0.001,
19231025586,0.004,
19271610003,-0.000,
19311990461,-0.005,
19352376836,-0.007,
19393086378,-0.003,
19433422003,-0.004,
19473907503,-0.003,
19514214294,-0.003,
19554541669,-0.004,
19595278378,-0.001,
19635569086,-0.010,
19675908961,-0.008,
19716192378,-0.008,
19756649503,-0.003,
19797094544,-0.003,
19837392253,-0.003,
19877791628,-0.003,
19918085461,-0.003,
19958370753,-0.012,
19998996669,-0.008,
20039630044,-0.004,
20084101711,0.002,
20125083919,0.009,
20165847378,0.002,
20206500711,0.001,
20246998044,0.004,
20287446378,0.004,
20328056003,-0.000,
20368360128,-0.012,
20408710794,-0.012,
20449339711,-0.008,
20489824544,-0.003,
20530241211,-0.003,
20570869253,0.002,
20611250461,-0.000,
20651636336,-0.004,
20692022419,-0.004,
20732757919,-0.004,
20773256503,-0.004,
20813570378,-0.004,
20853939836,-0.003,
20894316961,0.002,
20934605544,-0.005,
20974886461,-0.003,
21015295503,-0.000,
21055576169,-0.001,
21095856253,-0.005,
21136199503,-0.007,
21176491420,-0.003,
21217016420,-0.008,
21257308461,-0.005,
21297761295,-0.003,
21338269253,-0.004,
21378910003,-0.004,
21419546170,-0.004,
21460038836,-0.004,
21500812920,-0.004,
21541445670,-0.004,
21582032545,0.001,
21622825128,-0.000,
21663134628,-0.003,
21703459003,-0.004,
21743914003,-0.012,
21784369795,-0.004,
21824931378,0.002,
21865242670,0.002,
21905774836,-0.000,
21946147628,-0.004,
21986467211,-0.004,
22026752003,-0.003,
22067054503,-0.001,
22107364420,-0.000,
22147652628,0.002,
22188119503,0.005,
22228598336,0.009,
22268889170,0.008,
22309579836,0.001,
22349961753,-0.000,
22390458295,-0.000,
22430844920,-0.004,
22471231128,-0.004,
22511618336,-0.004,
22552197378,-0.004,
22592679461,-0.004,
22632989045,-0.004,
22673288670,-0.003,
22713630295,0.002,
22753958586,-0.008,
22794996545,-0.004,
22835337378,-0.004,
22875810961,-0.005,
22916430128,-0.010,
22956740961,-0.004,
22997327128,-0.003,
23038418920,-0.000,
23078777711,0.001,
23119271336,0.001,
23159902461,0.005,
23200395545,0.001,
23240783878,-0.001,
23281417961,0.005,
23322004420,0.008,
23362394586,0.008,
23402846003,0.009,
23443138253,0.005,
23483434211,0.006,
23523837795,0.006,
23565684086,0.006,
23606034670,0.006,
23646323795,0.006,
23686612211,0.006,
23726901878,0.006,
23767178628,0.005,
23807643920,-0.001,
23847964920,-0.000,
23888247295,-0.007,
23928715878,-0.008,
23969102962,-0.014,
24009614170,-0.009,
24050132212,-0.007,
24090983587,-0.001,
24131287753,-0.001,
24171658337,-0.001,
24211956295,-0.003,
24252265003,-0.000,
24292715212,0.006,
24332989670,0.010,
24373270045,0.010,
24413569878,0.004,
24454632045,0.010,
24495180670,0.006,
24535645878,-0.004,
24576136587,-0.004,
24616455587,-0.004,
24656916253,-0.004,
24697409670,-0.004,
24738005503,-0.004,
24778393753,-0.003,
24818943628,-0.003,
24859967837,-0.001,
24900711253,-0.009,
24941120170,-0.008,
24981625837,-0.005,
25021996253,-0.008,
25062643128,-0.012,
25106847087,-0.013,
25147341420,-0.013,
25188440170,-0.009,
25228912837,0.002,
25269427545,0.013,
25310068295,0.018,
25350435587,0.017,
25390994878,0.009,
25431509253,0.006,
25472026128,0.002,
25512628128,0.006,
25552973378,0.006,
25593316503,0.006,
25634759212,0.006,
25675045878,0.006,
25715506045,0.006,
25755914212,0.005,
25796505962,0.006,
25836820795,0.004,
25877103920,0.001,
25917467378,-0.008,
25958116545,-0.007,
25998776795,-0.005,
26039289545,-0.004,
26079804253,-0.004,
26120119212,-0.004,
26160613337,-0.003,
26201250295,-0.004,
26241770170,-0.018,
26282437462,-0.016,
26322804462,-0.010,
26363095878,-0.004,
26403390045,0.005,
26444779045,0.004,
26485237003,-0.001,
26525803295,-0.001,
26566164378,-0.001,
26606659212,-0.001,
26646966920,0.001,
26687439753,0.005,
26727917337,0.004,
26768409295,-0.004,
26808898920,-0.048,
26849837920,-0.208,
26890150712,-0.453,
26930620754,-0.784,
26971133587,-1.176,
27011644295,-1.614,
27052154045,-2.085,
27092576837,-2.575,
27132877962,-3.002,
27173170379,3.031,
27213573587,2.945,
27253900462,2.870,
27294948087,2.901,
27335406462,3.031,
27375893754,-3.059,
27416207462,-2.887,
27456659337,-2.785,
27497145212,-2.713,
27537461004,-2.695,
27578011420,-2.727,
27618522670,-2.797,
27658970837,-2.867,
27699477337,-2.909,
27739971545,-2.937,
27780481004,-2.936,
27820993087,-2.914,
27861565754,-2.894,
27901947879,-2.876,
27942514795,-2.867,
27982834295,-2.863,
28023126420,-2.861,
28063464045,-2.864,
28104484212,-2.878,
28144758170,-2.874,
28185029545,-2.887,
28225482712,-2.882,
28266072712,-2.885,
28306584879,-2.886,
28346971045,-2.888,
28387459629,-2.882,
28427973754,-2.881,
28468466629,-2.883,
28508976629,-2.891,
28549362504,-2.890,
28589951129,-2.890,
28630829004,-2.886,
28671322920,-2.891,
28711772629,-2.892,
28752249087,-2.888,
28792626754,-2.886,
28832924754,-2.886,
28873223004,-2.886,
28913573795,-2.885,
28954746837,-2.878,
28995030212,-2.879,
29035422045,-2.879,
29075731920,-2.879,
29116016754,-2.877,
29156474754,-2.887,
29196790962,-2.890,
29237138087,-2.887,
29277645504,-2.882,
29318157337,-2.885,
29358669920,-2.892,
29399308587,-2.891,
29439943462,-2.887,
29480325837,-2.881,
29520816546,-2.872,
29561453629,-2.864,
29602158004,-2.859,
29642647337,-2.861,
29682964171,-2.868,
29723284754,-2.878,
29764301421,-2.882,
29804604837,-2.882,
29845171129,-2.882,
29885703837,-2.882,
29926184504,-2.882,
29966694837,-2.883,
30007187504,-2.894,
30047635171,-2.899,
30088143421,-2.903,
30132170754,-2.906,
30172476421,-2.901,
30212801879,-2.897,
30253166046,-2.897,
30294687629,-2.895,
30335130254,-2.895,
30375620296,-2.895,
30416109212,-2.894,
30456644796,-2.890,
30497249296,-2.895,
30537763462,-2.885,
30578278212,-2.881,
30618788129,-2.878,
30659297421,-2.877,
30699810212,-2.882,
30740298546,-2.882,
30780783379,-2.876,
30821317879,-2.877,
30861894087,-2.878,
30902320962,-2.873,
30942652921,-2.877,
30983088296,-2.872,
31024215171,-2.872,
31064502962,-2.872,
31104787879,-2.881,
31145073337,-2.885,
31185359629,-2.890,
31225739254,-2.887,
31266014962,-2.890,
31306496629,-2.890,
31346813796,-2.890,
31387099546,-2.886,
31427580046,-2.888,
31468067962,-2.882,
31508579879,-2.882,
31548965087,-2.881,
31589455962,-2.881,
31630004004,-2.881,
31670435837,-2.881,
31710741379,-2.882,
31751472754,-2.881,
31791851171,-2.882,
31832275462,-2.882,
31872590462,-2.887,
31912878129,-2.886,
31953309296,-2.881,
31994190587,-2.877,
32034464379,-2.882,
32074741921,-2.887,
32115024421,-2.885,
32155504962,-2.885,
32195796462,-2.885,
32236057712,-2.885,
32276516837,-2.886,
32316811671,-2.891,
32357263879,-2.892,
32397774921,-2.885,
32438431171,-2.883,
32478914921,-2.881,
32519427754,-2.886,
32560057588,-2.886,
32600378588,-2.886,
32640937046,-2.883,
32681448129,-2.881,
32722120379,-2.882,
32762463129,-2.882,
32802785838,-2.882,
32843149379,-2.882,
32884455463,-2.885,
32924917254,-2.892,
32965239629,-2.887,
33005630838,-2.887,
33046001088,-2.888,
33086334213,-2.888,
33126817796,-2.888,
33167138963,-2.888,
33207748254,-2.888,
33248054254,-2.882,
33288547754,-2.881,
33329062379,-2.883,
33369577629,-2.879,
33410236296,-2.877,
33450559213,-2.883,
33491037129,-2.882,
33531557004,-2.881,
33572276629,-2.882,
33612581754,-2.759,
33652902546,-2.561,
33694090838,-2.204,
33734373213,-1.849,
33774796754,-1.455,
33815128504,-1.041,
33855429504,-0.619,
33895718796,-0.222,
33936166296,0.086,
33976647754,0.293,
34017127421,0.336,
34058050629,0.343,
34098424213,0.338,
34138893838,0.259,
34179387004,0.146,
34219879588,0.042,
34260194963,-0.044,
34300713046,-0.087,
34341196379,-0.096,
34381890796,-0.066,
34422239213,-0.052,
34462679754,-0.030,
34502972588,-0.008,
34544215421,0.009,
34584507629,0.010,
34624790546,0.011,
34665075213,0.005,
34705358213,0.009,
34745743504,0.005,
34786066046,-0.005,
34826356463,-0.009,
34866643213,-0.008,
34907247879,-0.003,
34947563379,-0.003,
34988024379,-0.003,
35028522254,-0.003,
35068950504,-0.001,
35109442713,-0.000,
35155771255,0.002,
35196145963,0.002,
35236433046,-0.001,
35276708421,-0.003,
35316990088,0.001,
35357344088,0.002,
35397931255,0.004,
35438586338,0.005,
35479081880,0.004,
35519619546,0.005,
35560235255,0.006,
35600749005,0.002,
35641276963,0.001,
35682140671,-0.003,
35722491463,-0.004,
35762860505,-0.004,
35803423963,-0.013,
35843821255,-0.010,
35884134463,-0.012,
35925457005,-0.012,
35965885796,-0.010,
36006191255,-0.003,
36046663588,-0.000,
36087150255,0.004,
36127482713,0.009,
36167976588,0.013,
36208492380,0.011,
36248986255,0.009,
36289561255,0.004,
36329885880,0.006,
36370375421,0.004,
36410824630,0.001,
36451160630,-0.003,
36491482046,-0.003,
36531865296,-0.004,
36572180046,-0.001,
36612480505,0.006,
36652761171,-0.001,
36693129421,-0.000,
36734573963,0.001,
36775033171,-0.001,
36815526046,-0.010,
36855940588,-0.013,
36896427171,-0.013,
36936810671,-0.014,
36977299005,-0.003,
37017898088,-0.001,
37058412713,0.005,
37098729421,0.006,
37139096921,0.006,
37179650421,0.006,
37220168005,0.006,
37260683380,0.002,
37301200213,-0.003,
37341747713,-0.001,
37382061796,-0.003,
37422388963,-0.004,
37463532296,0.004,
37503820755,0.002,
37544109255,0.005,
37584396171,0.005,
37624747046,-0.000,
37665057171,-0.003,
37705354796,-0.001,
37745843588,-0.004,
37786178130,-0.012,
37826658921,-0.010,
37866965380,-0.000,
37907421422,0.002,
37947900588,0.002,
37988395547,-0.003,
38028887838,-0.005,
38069381297,-0.008,
38110096547,-0.003,
38150585880,-0.003,
38191104338,-0.003,
38231718172,-0.003,
38272085463,-0.003,
38312386047,-0.003,
38352704922,-0.004,
38393054838,-0.003,
38433703130,-0.003,
38473978838,-0.001,
38514281963,0.001,
38554745130,0.006,
38595236588,0.013,
38635556088,0.014,
38675833255,0.009,
38716295713,0.004,
38756788463,0.006,
38797243380,0.006,
38837561005,0.006,
38877947547,0.006,
38918459088,0.006,
38958977088,0.005,
38999483713,0.004,
39040007463,-0.000,
39080498422,-0.005,
39121015380,-0.016,
39161674088,-0.013,
39202039922,-0.008,
39242365380,-0.008,
39282664130,0.002,
39322956713,-0.000,
39364232380,-0.001,
39404518713,-0.005,
39444979755,-0.008,
39485301797,-0.014,
39525609838,-0.012,
39566095297,-0.004,
39606415338,0.004,
39646907547,0.009,
39687221338,0.014,
39727729963,0.014,
39768220963,0.010,
39808734380,-0.000,
39849048630,-0.004,
39889591172,-0.003,
39930107713,-0.003,
39970626755,-0.003,
40011142422,-0.003,
40051753047,-0.003,
40092092463,0.008,
40132393130,0.002,
40176971213,-0.001,
40217465463,-0.010,
40258060047,-0.003,
40298575088,-0.000,
40339088672,0.008,
40379604463,0.005,
40420239838,0.004,
40460697380,-0.000,
40501208047,-0.005,
40541745963,-0.004,
40582091213,-0.000,
40622385505,0.008,
40662716297,0.011,
40704129922,0.008,
40744589880,0.006,

received SIGINT Ctrl-C
ERROR in rc_filter_march, filter uninitialized
ERROR in rc_filter_march, filter uninitialized
ERROR in rc_filter_march, filter uninitialized
