initializing xbee... 
starting print thread... 
starting setpoint thread... 
initializing imu... 
initializing controller...
initializing motors...
PWM intializedPins initializedresetting encoders...
initializing odometry...
attaching imu interupt...
we are running!!!...

RUNNING: Hold upright to balance.
                 SENSORS               |            MOCAP            |
    θ    |    φ    |  Time   |  Gamma  |  L Enc  |  R Enc  |    X    |    Y    |    ψ    | Sat Flag|
482055416,0.000,
522947375,0.000,
563266833,0.009,
603575666,0.017,
651391958,0.014,
691868083,0.017,
732361000,0.017,
772851208,0.012,
813341458,0.005,
853835541,-0.003,
894342583,-0.005,
934690416,-0.001,
974979666,-0.001,
1015304208,0.003,
1056546583,0.005,
1097011416,0.012,
1137460666,0.004,
1177758666,-0.003,
1218048041,-0.003,
1258436833,-0.004,
1298933875,-0.003,
1339514291,-0.004,
1380088000,-0.009,
1420599375,-0.005,
1461051958,-0.014,
1501524208,-0.009,
1542041333,-0.003,
1582498167,0.001,
1623017208,-0.003,
1663407458,-0.003,
1704014875,-0.010,
1744350042,-0.010,
1784660792,-0.008,
1824958042,-0.008,
1865334458,-0.012,
1906427208,-0.015,
1946915083,-0.010,
1987406542,-0.004,
2027717792,0.001,
2068008208,-0.004,
2108332542,-0.008,
2148795750,-0.013,
2189286167,-0.014,
2229777083,-0.008,
2270349792,-0.001,
2310861500,0.003,
2351379583,0.001,
2391895458,-0.001,
2432411583,-0.004,
2473119083,-0.005,
2513604750,-0.004,
2554122500,-0.006,
2594526292,-0.009,
2634812250,-0.005,
2675099583,-0.013,
2716154292,-0.013,
2756444750,-0.004,
2796902375,-0.001,
2837392208,-0.001,
2878268875,-0.001,
2918755542,-0.003,
2959270125,-0.006,
2999643542,-0.001,
3040278708,-0.001,
3080789667,0.000,
3121298417,0.001,
3161815417,0.000,
3202325000,0.001,
3242841625,0.003,
3283155333,0.003,
3323653583,0.003,
3364084375,0.003,
3404420417,0.003,
3444719583,0.005,
3485082458,0.008,
3526124958,0.003,
3566494792,-0.003,
3606979750,-0.008,
3647470792,-0.012,
3687961625,-0.010,
3728268083,-0.009,
3768726208,-0.004,
3809190375,-0.004,
3849512250,-0.004,
3889997917,-0.005,
3930594542,-0.006,
3971108417,-0.010,
4011495958,-0.012,
4052008167,-0.012,
4092795333,-0.012,
4133308083,-0.012,
4173926833,-0.006,
4214292375,-0.006,
4254581792,-0.001,
4294868584,0.003,
4335923292,-0.001,
4376215792,0.003,
4416744292,-0.001,
4457028709,-0.001,
4497317167,0.000,
4537595334,-0.004,
4578068625,-0.001,
4619245459,-0.003,
4659735667,-0.004,
4700250625,-0.008,
4740766125,-0.003,
4781308709,-0.001,
4821825959,-0.001,
4862342709,-0.003,
4902860750,-0.003,
4943376584,-0.003,
4983934584,-0.003,
5024278500,-0.003,
5064758334,-0.003,
5105831209,-0.003,
5146138375,0.000,
5186512417,0.001,
5226992750,-0.001,
5267335375,0.000,
5307787625,-0.003,
5348123709,-0.001,
5388605000,-0.001,
5429119917,-0.003,
5469633959,-0.001,
5510126459,-0.001,
5550515042,-0.001,
5591082459,-0.001,
5631435584,-0.001,
5675946500,-0.003,
5716243084,-0.003,
5756688375,-0.003,
5797166334,-0.003,
5837651834,-0.003,
5878130959,-0.003,
5918865084,-0.003,
5959351167,-0.003,
5999706000,-0.001,
6040199875,-0.003,
6080691542,-0.003,
6121007125,-0.001,
6161480209,-0.003,
6201957167,-0.010,
6242480042,-0.012,
6282994125,-0.010,
6323617792,-0.009,
6363964209,-0.013,
6404277625,-0.010,
6444575542,-0.001,
6485694584,-0.004,
6525984167,-0.001,
6566299292,-0.003,
6606781667,-0.003,
6647123625,-0.003,
6687430500,-0.003,
6727737667,-0.001,
6768197750,0.000,
6808707917,-0.001,
6849200167,-0.005,
6889508042,-0.006,
6929991917,-0.006,
6970448209,-0.004,
7010964209,-0.003,
7051483584,-0.001,
7092002042,-0.001,
7132799626,-0.001,
7173089709,-0.003,
7213734584,-0.003,
7254091126,-0.003,
7294440292,-0.001,
7334756834,-0.120,
7375800209,-0.382,
7416089292,-0.703,
7456611376,-1.093,
7496924876,-1.550,
7537378126,-2.005,
7577864751,-2.334,
7618176084,-2.470,
7658740792,-2.465,
7699250792,-2.385,
7739901292,-2.255,
7780371959,-2.124,
7820885001,-2.039,
7861357126,-1.995,
7901995792,-2.000,
7942542417,-2.027,
7982891792,-2.059,
8023481667,-2.084,
8063826959,-2.089,
8104115709,-2.098,
8144452667,-2.103,
8185852501,-2.095,
8226135626,-2.095,
8266687709,-2.098,
8307187376,-2.098,
8347485876,-2.098,
8387937917,-2.098,
8428446084,-2.098,
8468956459,-2.098,
8509262084,-2.098,
8549751042,-2.098,
8590265126,-2.098,
8630577626,-2.098,
8671069417,-2.098,
8711579626,-2.098,
8752091834,-2.099,
8792603667,-2.102,
8833115209,-2.111,
8873607459,-2.118,
8913952417,-2.120,
8954246667,-2.116,
8994562167,-2.103,
9035598626,-2.104,
9075881626,-2.106,
9116165084,-2.102,
9156619334,-2.104,
9197192709,-2.108,
9237474584,-2.108,
9277925792,-2.107,
9318436084,-2.104,
9358946667,-2.104,
9399261834,-2.108,
9439625584,-2.111,
9480129501,-2.109,
9520623126,-2.109,
9561005917,-2.109,
9601513334,-2.109,
9641823376,-2.109,
9682309959,-2.111,
9722819792,-2.111,
9763425084,-2.113,
9803783584,-2.118,
9844128543,-2.121,
9884912959,-2.126,
9925210126,-2.130,
9965846959,-2.130,
10006395501,-2.131,
10047036834,-2.133,
10087491084,-2.138,
10127979876,-2.137,
10168467876,-2.128,
10208939876,-2.113,
10249489084,-2.112,
10289974293,-2.108,
10330484084,-2.102,
10370993668,-2.094,
10411348418,-2.089,
10451845626,-2.090,
10492357709,-2.094,
10532868584,-2.089,
10573475751,-2.090,
10613827168,-2.095,
10654117626,-2.094,
10698517709,-2.102,
10739009168,-2.103,
10779519959,-2.102,
10820032209,-2.102,
10860543918,-2.103,
10901054293,-2.103,
10941542251,-2.103,
10982055501,-2.104,
11022716334,-2.108,
11063324084,-2.112,
11103688418,-2.111,
11143980626,-2.112,
11184274084,-2.109,
11225597251,-2.104,
11265879334,-2.104,
11306355376,-2.106,
11346685626,-2.106,
11386971084,-2.107,
11427270251,-2.107,
11467545501,-2.107,
11507847293,-2.108,
11548326709,-2.104,
11588819793,-2.104,
11629474334,-2.104,
11669982709,-2.103,
11710556918,-2.100,
11751069751,-2.097,
11791511834,-2.091,
11832021376,-2.085,
11872536543,-2.069,
11913043543,-1.923,
11953876209,-1.689,
11994168334,-1.363,
12035647751,-0.860,
12075936043,-0.395,
12116223376,0.036,
12156681709,0.317,
12197541459,0.391,
12237818543,0.362,
12278313126,0.262,
12318828001,0.129,
12359344793,0.018,
12399922626,-0.068,
12440433793,-0.101,
12480747834,-0.103,
12521242001,-0.068,
12561757293,-0.028,
12602278376,0.004,
12642795918,0.028,
12683348085,0.028,
12723693168,0.028,
12763988835,0.022,
12804324460,0.013,
12845512918,-0.010,
12885806418,-0.018,
12926096418,-0.026,
12966650251,-0.005,
13007121543,0.006,
13047843376,0.015,
13088357876,0.013,
13128856293,0.006,
13169372251,0.008,
13209887293,0.017,
13250302043,0.013,
13290670001,0.015,
13330981001,0.004,
13371289418,-0.009,
13411804168,-0.018,
13452317335,-0.012,
13492627210,-0.004,
13533090335,0.000,
13573429251,0.005,
13613738918,0.004,
13654066918,0.008,
13694513043,0.005,
13734809918,0.004,
13776157001,0.008,
13816616710,0.006,
13856933043,0.003,
13897253585,-0.003,
13937538085,-0.009,
13977843543,-0.006,
14018149960,-0.001,
14058552501,-0.004,
14098846376,-0.004,
14139324460,-0.003,
14179815085,-0.010,
14220304960,-0.006,
14260921668,-0.003,
14301414501,-0.001,
14341909543,0.001,
14382427418,-0.003,
14423043918,-0.001,
14463435876,-0.003,
14503763251,-0.003,
14544199960,-0.003,
14585404710,-0.001,
14625695293,0.000,
14665988418,-0.001,
14706474793,-0.001,
14746992085,0.005,
14787334168,0.004,
14827819460,0.005,
14868336418,0.004,
14908851876,0.000,
14949363085,-0.003,
14989856460,-0.001,
15030375043,0.000,
15070779626,-0.001,
15111294835,-0.004,
15151812085,-0.003,
15192332876,-0.004,
15232942918,-0.004,
15273251460,-0.005,
15313850960,-0.003,
15355196335,-0.005,
15395478043,-0.001,
15435938627,-0.003,
15476765877,-0.001,
15517109210,-0.003,
15557585418,-0.001,
15598080168,0.003,
15638680918,0.004,
15679641543,0.004,
15723494585,0.003,
15763796543,0.008,
15804128252,0.005,
15844620127,0.005,
15885899293,0.009,
15926178418,0.001,
15966524793,-0.001,
16006831960,0.001,
16047140585,0.000,
16087741752,-0.003,
16128254627,-0.003,
16168772043,-0.003,
16209262168,-0.003,
16249778335,-0.001,
16290295877,-0.001,
16330607460,-0.001,
16371103835,-0.003,
16411620877,-0.008,
16452136668,-0.006,
16492654793,-0.010,
16533090835,-0.004,
16573404210,0.000,
16613695460,0.000,
16654047335,-0.001,
16694603668,-0.001,
16735075793,0.004,
16775356918,0.012,
16815736460,0.021,
16856180752,0.023,
16896498585,0.015,
16936782460,0.005,
16977229002,0.006,
17017596918,0.003,
17057904668,-0.004,
17098482377,-0.004,
17138839168,0.001,
17179149127,0.001,
17219517043,0.001,
17260067877,0.001,
17300555668,0.001,
17341047418,0.001,
17381540085,0.003,
17421947043,0.004,
17462459710,0.001,
17502988460,-0.004,
17543339627,-0.001,
17583841293,0.000,
17625623335,-0.004,
17666082585,-0.004,
17706499293,-0.004,
17746808710,-0.004,
17787294793,-0.004,
17827603710,-0.003,
17868098627,-0.003,
17908612585,-0.003,
17949127210,0.000,
17989635252,0.008,
18030152418,0.014,
18070727418,0.014,
18111245293,0.010,
18151762043,0.009,
18192279543,0.005,
18232888919,0.005,
18273197002,0.005,
18313528335,0.006,
18353922877,0.008,

received SIGINT Ctrl-C
