initializing xbee... 
starting print thread... 
starting setpoint thread... 
initializing imu... 
initializing controller...
initializing motors...
PWM intializedPins initializedresetting encoders...
initializing odometry...
attaching imu interupt...
we are running!!!...

RUNNING: Hold upright to balance.
                 SENSORS               |            MOCAP            |
    θ    |    φ    |  Time   |  Gamma  |  L Enc  |  R Enc  |    X    |    Y    |    ψ    | Sat Flag|
481937333,0.000,
522383667,0.000,
562729250,-0.001,
603311542,-0.001,
643663167,-0.001,
683961625,-0.001,
724293292,-0.001,
765754042,-0.003,
806242708,-0.010,
846835625,-0.023,
887108292,-0.037,
927566167,-0.059,
968055250,-0.086,
1008545500,-0.120,
1049037125,-0.156,
1089690250,-0.199,
1130203125,-0.245,
1170717208,-0.295,
1211230167,-0.352,
1251620917,-0.415,
1292128583,-0.487,
1332616875,-0.569,
1373223875,-0.660,
1413533083,-0.765,
1453817875,-0.888,
1494097250,-1.041,
1534471292,-1.222,
1574753708,-1.485,
1615413167,-1.721,
1655690000,-1.951,
1696143292,-2.143,
1736459167,-2.263,
1776735458,-2.276,
1817014458,-2.242,
1857292750,-2.173,
1897784083,-2.102,
1938139458,-2.006,
1978608125,-1.928,
2019100833,-1.884,
2059590542,-1.859,
2100076542,-1.839,
2140564167,-1.827,
2181033750,-1.825,
2221551708,-1.832,
2261935042,-1.841,
2302414417,-1.852,
2343000708,-1.868,
2383330333,-1.885,
2423639917,-1.901,
2464075000,-1.916,
2504411458,-1.935,
2544765250,-1.953,
2585213708,-1.971,
2625541833,-1.988,
2666023875,-2.011,
2710032958,-2.033,
2750511250,-2.057,
2790898542,-2.082,
2831404208,-2.107,
2872037083,-2.131,
2912542958,-2.161,
2953021208,-2.186,
2993394500,-2.213,
3033740417,-2.240,
3074024125,-2.268,
3115114959,-2.304,
3155397834,-2.334,
3195851125,-2.365,
3236283375,-2.392,
3276677625,-2.420,
3316986584,-2.450,
3357530500,-2.477,
3398034500,-2.503,
3438545250,-2.530,
3478931125,-2.557,
3519438417,-1.580,
3559951875,-1.609,
3600461500,-1.634,
3641052500,-1.662,
3681430250,-1.690,
3722008250,-1.717,
3762525709,-1.745,
3803203959,-1.771,
3843537834,-1.798,
3883827000,-1.827,
3924142709,-1.854,
3964612542,-1.888,
4004888042,-1.914,
4045166792,-1.941,
4085524917,-1.970,
4125856459,-1.997,
4166667584,-2.023,
4206976792,-2.051,
4247456000,-2.075,
4287945584,-2.101,
4328432584,-2.128,
4368918334,-1.601,
4409299500,-1.628,
4449884542,-1.658,
4490397334,-1.685,
4530908834,-1.710,
4571422459,-1.738,
4611935959,-1.766,
4652448959,-1.795,
4693062542,-1.822,

received SIGINT Ctrl-C
ERROR in rc_filter_march, filter uninitialized
ERROR in rc_filter_march, filter uninitialized
ERROR in rc_filter_march, filter uninitialized
initializing xbee... 
starting print thread... 
starting setpoint thread... 
initializing imu... 
initializing controller...
initializing motors...
PWM intializedPins initializedresetting encoders...
initializing odometry...
attaching imu interupt...
we are running!!!...

RUNNING: Hold upright to balance.
                 SENSORS               |            MOCAP            |
    θ    |    φ    |  Time   |  Gamma  |  L Enc  |  R Enc  |    X    |    Y    |    ψ    | Sat Flag|
482732334,0.000,
523127959,-0.001,
563478750,-0.001,
604081375,-0.003,
644403667,0.000,
684700792,0.001,
725191709,0.005,
766223334,0.008,
806512042,0.015,
846799751,0.009,
887156042,0.003,
927473084,-0.003,
967768959,0.004,
1008060501,0.010,
1048527167,0.008,
1089105792,0.017,
1129621167,0.010,
1170316667,0.001,
1210805501,-0.008,
1251324834,0.000,
1291838417,0.006,
1332356834,0.000,
1372868584,0.009,
1413265959,0.005,
1453760959,0.003,
1494254417,-0.003,
1534605459,-0.001,
1574908501,-0.001,
1615397459,0.000,
1656058251,-0.006,
1696338959,-0.009,
1736630376,-0.010,
1777144334,0.000,
1817653501,-0.005,
1857996042,-0.001,
1898484709,-0.001,
1939004334,0.000,
1979519584,-0.006,
2020038167,-0.013,
2060556959,-0.014,
2101179292,-0.013,
2141572126,-0.023,
2181884709,-0.021,
2222376376,-0.013,
2262857376,0.000,
2303348167,0.001,
2343951042,-0.003,
2384322209,0.000,
2424644626,0.001,
2464946126,-0.006,
2506114667,-0.003,
2546403834,-0.003,
2586864292,-0.003,
2627187751,-0.010,
2667650417,-0.012,
2708241542,-0.012,
2749203626,-0.015,
2789692001,-0.017,
2830204834,-0.006,
2870609542,0.001,
2910992292,0.005,
2951502667,0.009,
2992019709,0.004,
3032534334,-0.003,
3073112209,-0.010,
3113623667,-0.008,
3154140417,-0.008,
3194596792,-0.009,
3234892959,-0.006,
3276355334,-0.003,
3316639542,-0.006,
3357185292,-0.003,
3397522917,-0.001,
3437828667,-0.001,
3478138084,-0.001,
3518617918,-0.001,
3559134668,-0.005,
3599649543,-0.010,
3640162959,-0.009,
3680480959,-0.003,
3722042251,-0.001,
3762538334,-0.001,
3803055668,-0.001,
3843573584,-0.001,
3884017501,-0.001,
3924589834,-0.008,
3964878876,-0.018,
4006192876,-0.014,
4046483543,-0.013,
4086769709,-0.008,
4127230251,-0.006,
4167706334,-0.008,
4208200918,-0.006,
4248694001,-0.001,
4289098834,0.000,
4329603876,-0.010,
4369964418,-0.014,
4410479126,-0.014,
4450996501,-0.009,
4491388418,-0.005,
4532081209,-0.017,
4572552709,-0.018,
4613113334,-0.012,
4653629293,-0.008,
4694091334,-0.006,
4734419001,-0.004,
4775827751,-0.004,
4816115834,0.023,
4856399001,0.168,
4896684084,0.406,
4936966126,0.731,
4977346293,1.124,
5021908376,1.565,
5062421376,2.040,
5103048293,2.529,
5143557543,2.981,
5184103668,-2.972,
5224497334,-2.749,
5264788376,-2.632,
5305710001,-2.717,
5345987584,-2.822,
5386298918,-2.969,
5426575918,-3.106,
5467029793,-2.982,
5507338168,-3.089,
5547616501,3.119,
5587897126,3.082,
5628349918,3.062,
5668821168,3.070,
5709423043,3.100,
5749761126,3.124,
5790316168,-3.133,
5830637626,-3.115,
5870922459,-3.119,
5911210793,-3.128,
5951514334,-3.140,
5991816501,-3.141,
6032289834,-3.136,
6072761584,-3.129,
6113271959,-3.136,
6153879751,3.140,
6194215543,3.137,
6234508126,3.129,
6274884335,3.137,
6315220001,3.140,
6355773043,-3.132,
6396386126,-3.137,
6436872585,3.141,
6477293626,3.137,
6517560960,3.140,
6558052335,3.141,
6598436043,3.140,
6638924960,3.136,
6679435085,3.133,
6719946085,3.137,
6760433876,3.134,
6800928501,3.131,
6841653710,3.131,
6882038210,3.140,
6922419043,3.137,
6962908543,3.127,
7003540710,3.123,
7044077251,3.120,
7084374335,3.123,
7124690585,3.133,
7166064835,3.136,
7206515376,3.136,
7246786293,3.134,
7287057251,3.134,
7327330335,3.134,
7367601585,3.134,
7407929585,3.132,
7448203460,3.131,
7488487710,3.140,
7528950251,3.141,
7569526710,-3.137,
7609858585,-3.133,
7650140210,-3.135,
7690617001,-3.135,
7731128085,-3.135,
7771440251,-3.135,
7811914460,-3.135,
7852551501,-3.135,
7893202585,-3.135,
7933809085,-3.137,
7974146085,3.138,
8014470501,3.140,

received SIGINT Ctrl-C
