bgr: (109, 107, 107) 
hsv: (120, 5, 109)
bgr: (129, 126, 122) 
hsv: (103, 14, 129)
bgr: (126, 122, 121) 
hsv: (114, 10, 126)
bgr: (119, 113, 114) 
hsv: (125, 13, 119)
bgr: (118, 113, 112) 
hsv: (115, 13, 118)
bgr: (127, 117, 117) 
hsv: (120, 20, 127)
bgr: (121, 108, 110) 
hsv: (125, 27, 121)
bgr: (117, 112, 114) 
hsv: (132, 11, 117)
bgr: (123, 115, 115) 
hsv: (120, 17, 123)
bgr: (129, 124, 123) 
hsv: (115, 12, 129)
bgr: (126, 122, 121) 
hsv: (114, 10, 126)
bgr: (118, 117, 113) 
hsv: (96, 11, 118)
bgr: (128, 121, 118) 
hsv: (111, 20, 128)
bgr: (128, 128, 122) 
hsv: (90, 12, 128)
bgr: (121, 114, 111) 
hsv: (111, 21, 121)
bgr: (126, 122, 121) 
hsv: (114, 10, 126)
bgr: (122, 120, 119) 
hsv: (110, 6, 122)
bgr: (118, 116, 116) 
hsv: (120, 4, 118)
bgr: (116, 111, 113) 
hsv: (132, 11, 116)
bgr: (114, 110, 109) 
hsv: (114, 11, 114)
bgr: (60, 53, 58) 
hsv: (141, 30, 60)
bgr: (54, 49, 50) 
hsv: (126, 24, 54)
bgr: (51, 48, 44) 
hsv: (103, 35, 51)
bgr: (58, 48, 48) 
hsv: (120, 44, 58)
bgr: (71, 59, 55) 
hsv: (113, 57, 71)
bgr: (81, 54, 50) 
hsv: (116, 98, 81)
bgr: (62, 58, 63) 
hsv: (156, 20, 63)
bgr: (61, 58, 54) 
hsv: (103, 29, 61)
bgr: (46, 47, 43) 
hsv: (83, 22, 47)
bgr: (50, 49, 45) 
hsv: (96, 26, 50)
bgr: (48, 49, 45) 
hsv: (83, 21, 49)
bgr: (53, 51, 43) 
hsv: (96, 48, 53)
bgr: (67, 54, 52) 
hsv: (116, 57, 67)
bgr: (53, 48, 49) 
hsv: (126, 24, 53)
bgr: (59, 60, 56) 
hsv: (83, 17, 60)
bgr: (57, 52, 51) 
hsv: (115, 27, 57)
bgr: (54, 48, 49) 
hsv: (125, 28, 54)
bgr: (85, 51, 52) 
hsv: (121, 102, 85)
bgr: (58, 59, 57) 
hsv: (75, 9, 59)
bgr: (59, 48, 50) 
hsv: (125, 48, 59)
bgr: (56, 53, 48) 
hsv: (101, 36, 56)
