bgr: (203, 111, 84) 
hsv: (113, 149, 203)
bgr: (188, 100, 76) 
hsv: (114, 152, 188)
bgr: (163, 104, 86) 
hsv: (113, 120, 163)
bgr: (192, 110, 85) 
hsv: (113, 142, 192)
bgr: (186, 98, 71) 
hsv: (113, 158, 186)
bgr: (164, 105, 86) 
hsv: (113, 121, 164)
bgr: (184, 101, 70) 
hsv: (112, 158, 184)
bgr: (199, 111, 83) 
hsv: (113, 149, 199)
bgr: (185, 97, 72) 
hsv: (113, 156, 185)
bgr: (184, 94, 70) 
hsv: (114, 158, 184)
bgr: (161, 115, 94) 
hsv: (111, 106, 161)
bgr: (168, 87, 56) 
hsv: (112, 170, 168)
bgr: (178, 88, 63) 
hsv: (114, 165, 178)
bgr: (159, 107, 88) 
hsv: (112, 114, 159)
bgr: (191, 107, 87) 
hsv: (114, 139, 191)
bgr: (213, 141, 130) 
hsv: (116, 99, 213)
bgr: (213, 147, 131) 
hsv: (114, 98, 213)
bgr: (237, 173, 169) 
hsv: (118, 73, 237)
bgr: (164, 120, 104) 
hsv: (112, 93, 164)
bgr: (184, 96, 78) 
hsv: (115, 147, 184)
bgr: (159, 114, 95) 
hsv: (111, 103, 159)
bgr: (178, 93, 72) 
hsv: (114, 152, 178)
bgr: (200, 104, 82) 
hsv: (114, 150, 200)
bgr: (182, 95, 69) 
hsv: (113, 158, 182)
bgr: (178, 90, 62) 
hsv: (113, 166, 178)
bgr: (191, 108, 83) 
hsv: (113, 144, 191)
bgr: (183, 95, 69) 
hsv: (113, 159, 183)
bgr: (160, 110, 99) 
hsv: (115, 97, 160)
bgr: (180, 94, 66) 
hsv: (113, 162, 180)
bgr: (180, 95, 74) 
hsv: (114, 150, 180)
bgr: (184, 93, 67) 
hsv: (113, 162, 184)
bgr: (185, 102, 82) 
hsv: (114, 142, 185)
bgr: (176, 92, 68) 
hsv: (113, 156, 176)
bgr: (179, 93, 70) 
hsv: (114, 155, 179)
bgr: (178, 91, 67) 
hsv: (114, 159, 178)
bgr: (180, 93, 70) 
hsv: (114, 156, 180)
bgr: (187, 99, 77) 
hsv: (114, 150, 187)
bgr: (186, 101, 75) 
hsv: (113, 152, 186)
bgr: (179, 94, 71) 
hsv: (114, 154, 179)
bgr: (182, 97, 66) 
hsv: (112, 163, 182)
bgr: (151, 111, 92) 
hsv: (110, 100, 151)
bgr: (169, 107, 87) 
hsv: (113, 124, 169)
bgr: (162, 107, 88) 
hsv: (112, 116, 162)
bgr: (160, 110, 93) 
hsv: (112, 107, 160)
bgr: (175, 113, 90) 
hsv: (112, 124, 175)
bgr: (173, 111, 88) 
hsv: (112, 125, 173)
bgr: (158, 113, 98) 
hsv: (113, 97, 158)
bgr: (166, 116, 95) 
hsv: (111, 109, 166)
bgr: (192, 115, 87) 
hsv: (112, 139, 192)
bgr: (193, 112, 91) 
hsv: (114, 135, 193)
bgr: (183, 107, 86) 
hsv: (114, 135, 183)
bgr: (185, 106, 88) 
hsv: (114, 134, 185)
bgr: (159, 120, 100) 
hsv: (110, 95, 159)
bgr: (177, 117, 96) 
hsv: (112, 117, 177)
bgr: (168, 117, 93) 
hsv: (110, 114, 168)
bgr: (163, 114, 96) 
hsv: (112, 105, 163)
bgr: (182, 131, 114) 
hsv: (112, 95, 182)
bgr: (180, 135, 116) 
hsv: (111, 91, 180)
bgr: (186, 136, 119) 
hsv: (112, 92, 186)
bgr: (178, 122, 100) 
hsv: (112, 112, 178)
bgr: (172, 122, 98) 
hsv: (110, 110, 172)
bgr: (179, 121, 96) 
hsv: (111, 118, 179)
bgr: (173, 123, 100) 
hsv: (111, 108, 173)
bgr: (197, 105, 79) 
hsv: (113, 153, 197)
bgr: (198, 105, 77) 
hsv: (113, 156, 198)
