bgr: (96, 153, 91) 
hsv: (62, 103, 153)
bgr: (94, 151, 89) 
hsv: (62, 105, 151)
bgr: (101, 155, 87) 
hsv: (66, 112, 155)
bgr: (98, 152, 87) 
hsv: (65, 109, 152)
bgr: (85, 150, 84) 
hsv: (60, 112, 150)
bgr: (104, 149, 86) 
hsv: (69, 108, 149)
bgr: (91, 151, 86) 
hsv: (62, 110, 151)
bgr: (106, 155, 105) 
hsv: (61, 82, 155)
bgr: (110, 152, 105) 
hsv: (63, 79, 152)
bgr: (116, 152, 110) 
hsv: (64, 70, 152)
bgr: (114, 148, 105) 
hsv: (66, 74, 148)
bgr: (110, 153, 103) 
hsv: (64, 83, 153)
bgr: (118, 153, 107) 
hsv: (67, 77, 153)
bgr: (111, 166, 95) 
hsv: (67, 109, 166)
bgr: (105, 159, 93) 
hsv: (65, 106, 159)
bgr: (107, 161, 98) 
hsv: (64, 100, 161)
bgr: (100, 161, 93) 
hsv: (63, 108, 161)
bgr: (90, 152, 82) 
hsv: (63, 117, 152)
bgr: (92, 152, 85) 
hsv: (63, 112, 152)
bgr: (83, 154, 85) 
hsv: (59, 118, 154)
bgr: (98, 153, 87) 
hsv: (65, 110, 153)
bgr: (99, 151, 86) 
hsv: (66, 110, 151)
bgr: (89, 151, 86) 
hsv: (61, 110, 151)
bgr: (121, 163, 127) 
hsv: (56, 66, 163)
bgr: (117, 157, 114) 
hsv: (62, 70, 157)
bgr: (104, 152, 107) 
hsv: (58, 81, 152)
bgr: (112, 156, 107) 
hsv: (63, 80, 156)
bgr: (108, 158, 110) 
hsv: (59, 81, 158)
bgr: (114, 154, 109) 
hsv: (63, 75, 154)
bgr: (112, 161, 111) 
hsv: (61, 79, 161)
bgr: (114, 155, 108) 
hsv: (64, 77, 155)
bgr: (106, 153, 105) 
hsv: (61, 80, 153)
bgr: (100, 153, 92) 
hsv: (64, 102, 153)
bgr: (97, 153, 88) 
hsv: (64, 108, 153)
bgr: (99, 155, 89) 
hsv: (65, 109, 155)
bgr: (93, 156, 87) 
hsv: (63, 113, 156)
bgr: (103, 157, 90) 
hsv: (66, 109, 157)
bgr: (107, 157, 91) 
hsv: (67, 107, 157)
bgr: (90, 151, 77) 
hsv: (65, 125, 151)
bgr: (97, 154, 90) 
hsv: (63, 106, 154)
bgr: (89, 146, 83) 
hsv: (63, 110, 146)
bgr: (80, 153, 83) 
hsv: (59, 122, 153)
bgr: (89, 153, 88) 
hsv: (60, 108, 153)
bgr: (92, 150, 86) 
hsv: (63, 109, 150)
bgr: (93, 147, 82) 
hsv: (65, 113, 147)
bgr: (95, 150, 84) 
hsv: (65, 112, 150)
bgr: (101, 154, 89) 
hsv: (66, 108, 154)
bgr: (149, 172, 132) 
hsv: (73, 59, 172)
bgr: (127, 163, 120) 
hsv: (65, 67, 163)
bgr: (125, 165, 120) 
hsv: (63, 70, 165)
bgr: (129, 165, 120) 
hsv: (66, 70, 165)
bgr: (124, 165, 121) 
hsv: (62, 68, 165)
bgr: (114, 166, 121) 
hsv: (56, 80, 166)
bgr: (124, 161, 119) 
hsv: (64, 67, 161)
bgr: (130, 172, 117) 
hsv: (67, 82, 172)
bgr: (124, 173, 112) 
hsv: (66, 90, 173)
bgr: (120, 167, 107) 
hsv: (67, 92, 167)
bgr: (116, 165, 101) 
hsv: (67, 99, 165)
bgr: (120, 172, 111) 
hsv: (64, 90, 172)
bgr: (126, 170, 111) 
hsv: (68, 89, 170)
bgr: (128, 172, 111) 
hsv: (68, 90, 172)
bgr: (124, 171, 111) 
hsv: (67, 89, 171)
bgr: (125, 167, 106) 
hsv: (69, 93, 167)
bgr: (98, 156, 93) 
hsv: (62, 103, 156)
bgr: (114, 158, 103) 
hsv: (66, 89, 158)
bgr: (117, 165, 108) 
hsv: (65, 88, 165)
bgr: (117, 163, 106) 
hsv: (66, 89, 163)
bgr: (112, 163, 111) 
hsv: (61, 81, 163)
bgr: (120, 163, 103) 
hsv: (69, 94, 163)
bgr: (96, 159, 97) 
hsv: (60, 101, 159)
bgr: (136, 176, 132) 
hsv: (63, 64, 176)
bgr: (146, 180, 140) 
hsv: (65, 57, 180)
bgr: (149, 181, 136) 
hsv: (69, 63, 181)
bgr: (143, 179, 140) 
hsv: (62, 56, 179)
bgr: (205, 228, 192) 
hsv: (71, 40, 228)
bgr: (212, 231, 197) 
hsv: (73, 38, 231)
bgr: (229, 242, 218) 
hsv: (74, 25, 242)
bgr: (228, 243, 217) 
hsv: (73, 27, 243)
bgr: (199, 214, 179) 
hsv: (77, 42, 214)
bgr: (116, 164, 107) 
hsv: (65, 89, 164)
bgr: (119, 165, 102) 
hsv: (68, 97, 165)
bgr: (116, 161, 101) 
hsv: (68, 95, 161)
bgr: (126, 167, 111) 
hsv: (68, 86, 167)
bgr: (128, 167, 109) 
hsv: (70, 89, 167)
bgr: (120, 167, 105) 
hsv: (67, 95, 167)
bgr: (120, 167, 101) 
hsv: (69, 101, 167)
bgr: (123, 161, 112) 
hsv: (67, 78, 161)
bgr: (124, 164, 114) 
hsv: (66, 78, 164)
bgr: (136, 167, 118) 
hsv: (71, 75, 167)
bgr: (126, 164, 114) 
hsv: (67, 78, 164)
bgr: (120, 161, 114) 
hsv: (64, 74, 161)
bgr: (121, 167, 126) 
hsv: (57, 70, 167)
bgr: (127, 161, 120) 
hsv: (65, 65, 161)
bgr: (127, 163, 119) 
hsv: (65, 69, 163)
bgr: (120, 164, 96) 
hsv: (71, 106, 164)
bgr: (104, 164, 93) 
hsv: (65, 110, 164)
bgr: (103, 162, 92) 
hsv: (65, 110, 162)
bgr: (108, 163, 96) 
hsv: (65, 105, 163)
bgr: (86, 147, 89) 
hsv: (59, 106, 147)
bgr: (87, 147, 86) 
hsv: (60, 106, 147)
bgr: (103, 142, 95) 
hsv: (65, 84, 142)
bgr: (84, 148, 88) 
hsv: (58, 110, 148)
bgr: (93, 149, 91) 
hsv: (61, 99, 149)
bgr: (99, 147, 93) 
hsv: (63, 94, 147)
bgr: (95, 147, 87) 
hsv: (64, 104, 147)
bgr: (90, 145, 84) 
hsv: (63, 107, 145)
bgr: (83, 143, 83) 
hsv: (60, 107, 143)
bgr: (97, 147, 93) 
hsv: (62, 94, 147)
bgr: (99, 147, 88) 
hsv: (66, 102, 147)
bgr: (98, 146, 89) 
hsv: (65, 100, 146)
bgr: (96, 149, 89) 
hsv: (64, 103, 149)
bgr: (104, 151, 90) 
hsv: (67, 103, 151)
bgr: (86, 148, 86) 
hsv: (60, 107, 148)
bgr: (91, 151, 87) 
hsv: (62, 108, 151)
