bgr: (150, 90, 254) 
hsv: (169, 165, 254)
bgr: (155, 110, 254) 
hsv: (171, 145, 254)
bgr: (164, 101, 254) 
hsv: (168, 154, 254)
bgr: (157, 90, 254) 
hsv: (168, 165, 254)
bgr: (148, 88, 254) 
hsv: (169, 167, 254)
bgr: (157, 101, 254) 
hsv: (169, 154, 254)
bgr: (162, 98, 254) 
hsv: (168, 157, 254)
bgr: (159, 99, 254) 
hsv: (168, 156, 254)
bgr: (165, 98, 254) 
hsv: (167, 157, 254)
bgr: (155, 94, 254) 
hsv: (169, 161, 254)
bgr: (156, 95, 253) 
hsv: (168, 159, 253)
bgr: (158, 95, 254) 
hsv: (168, 160, 254)
bgr: (164, 104, 254) 
hsv: (168, 151, 254)
bgr: (160, 93, 254) 
hsv: (168, 162, 254)
bgr: (151, 105, 253) 
hsv: (171, 149, 253)
bgr: (148, 90, 254) 
hsv: (169, 165, 254)
bgr: (151, 93, 254) 
hsv: (169, 162, 254)
bgr: (155, 100, 254) 
hsv: (169, 155, 254)
bgr: (152, 88, 253) 
hsv: (168, 166, 253)
bgr: (150, 96, 247) 
hsv: (169, 156, 247)
bgr: (147, 85, 248) 
hsv: (169, 168, 248)
bgr: (145, 88, 247) 
hsv: (169, 164, 247)
bgr: (153, 97, 251) 
hsv: (169, 156, 251)
bgr: (152, 100, 252) 
hsv: (170, 154, 252)
bgr: (155, 99, 251) 
hsv: (169, 154, 251)
bgr: (155, 89, 250) 
hsv: (168, 164, 250)
bgr: (162, 92, 250) 
hsv: (167, 161, 250)
bgr: (148, 92, 254) 
hsv: (170, 163, 254)
bgr: (140, 88, 249) 
hsv: (170, 165, 249)
bgr: (141, 85, 247) 
hsv: (170, 167, 247)
bgr: (145, 84, 248) 
hsv: (169, 169, 248)
bgr: (160, 97, 254) 
hsv: (168, 158, 254)
bgr: (146, 88, 254) 
hsv: (170, 167, 254)
bgr: (149, 88, 254) 
hsv: (169, 167, 254)
bgr: (149, 84, 254) 
hsv: (169, 171, 254)
bgr: (148, 91, 244) 
hsv: (169, 160, 244)
bgr: (142, 91, 239) 
hsv: (170, 158, 239)
bgr: (143, 90, 239) 
hsv: (169, 159, 239)
bgr: (153, 87, 244) 
hsv: (167, 164, 244)
bgr: (147, 86, 247) 
hsv: (169, 166, 247)
bgr: (154, 100, 254) 
hsv: (169, 155, 254)
bgr: (162, 100, 254) 
hsv: (168, 155, 254)
bgr: (159, 98, 254) 
hsv: (168, 157, 254)
bgr: (157, 93, 252) 
hsv: (168, 161, 252)
bgr: (169, 109, 254) 
hsv: (168, 146, 254)
bgr: (169, 120, 254) 
hsv: (169, 135, 254)
bgr: (160, 100, 254) 
hsv: (168, 155, 254)
bgr: (161, 105, 254) 
hsv: (169, 150, 254)
bgr: (141, 83, 246) 
hsv: (169, 169, 246)
bgr: (145, 86, 250) 
hsv: (169, 167, 250)
bgr: (145, 84, 252) 
hsv: (169, 170, 252)
bgr: (160, 91, 246) 
hsv: (167, 161, 246)
bgr: (149, 85, 246) 
hsv: (168, 167, 246)
bgr: (244, 233, 245) 
hsv: (153, 12, 245)
bgr: (249, 248, 251) 
hsv: (170, 3, 251)
bgr: (244, 229, 244) 
hsv: (150, 16, 244)
bgr: (244, 228, 244) 
hsv: (150, 17, 244)
bgr: (246, 241, 246) 
hsv: (150, 5, 246)
bgr: (249, 247, 249) 
hsv: (150, 2, 249)
bgr: (223, 185, 249) 
hsv: (162, 66, 249)
bgr: (209, 158, 254) 
hsv: (164, 96, 254)
bgr: (204, 167, 254) 
hsv: (167, 87, 254)
bgr: (225, 195, 248) 
hsv: (163, 55, 248)
bgr: (205, 167, 253) 
hsv: (167, 87, 253)
bgr: (162, 100, 254) 
hsv: (168, 155, 254)
bgr: (167, 112, 254) 
hsv: (168, 143, 254)
bgr: (166, 118, 254) 
hsv: (169, 137, 254)
bgr: (166, 105, 254) 
hsv: (168, 150, 254)
bgr: (164, 107, 254) 
hsv: (168, 148, 254)
bgr: (172, 109, 254) 
hsv: (167, 146, 254)
bgr: (164, 110, 254) 
hsv: (169, 145, 254)
bgr: (158, 93, 254) 
hsv: (168, 162, 254)
bgr: (158, 90, 254) 
hsv: (168, 165, 254)
bgr: (153, 92, 254) 
hsv: (169, 163, 254)
bgr: (175, 121, 254) 
hsv: (168, 134, 254)
bgr: (185, 124, 254) 
hsv: (166, 131, 254)
bgr: (187, 123, 254) 
hsv: (165, 132, 254)
bgr: (178, 123, 254) 
hsv: (167, 132, 254)
bgr: (147, 83, 244) 
hsv: (168, 168, 244)
bgr: (141, 82, 246) 
hsv: (169, 170, 246)
bgr: (141, 89, 249) 
hsv: (170, 164, 249)
bgr: (157, 93, 254) 
hsv: (168, 162, 254)
bgr: (161, 96, 254) 
hsv: (168, 159, 254)
bgr: (161, 102, 254) 
hsv: (168, 153, 254)
bgr: (165, 101, 254) 
hsv: (167, 154, 254)
bgr: (157, 97, 254) 
hsv: (169, 158, 254)
bgr: (180, 123, 254) 
hsv: (167, 132, 254)
bgr: (172, 123, 254) 
hsv: (169, 132, 254)
bgr: (192, 126, 254) 
hsv: (165, 129, 254)
bgr: (166, 103, 254) 
hsv: (167, 152, 254)
bgr: (173, 109, 254) 
hsv: (167, 146, 254)
bgr: (169, 106, 254) 
hsv: (167, 149, 254)
bgr: (159, 96, 254) 
hsv: (168, 159, 254)
bgr: (159, 90, 254) 
hsv: (167, 165, 254)
bgr: (155, 92, 254) 
hsv: (168, 163, 254)
bgr: (146, 90, 252) 
hsv: (170, 164, 252)
bgr: (144, 86, 252) 
hsv: (170, 168, 252)
bgr: (144, 88, 250) 
hsv: (170, 165, 250)
bgr: (141, 89, 252) 
hsv: (170, 165, 252)
bgr: (150, 85, 252) 
hsv: (168, 169, 252)
bgr: (154, 86, 254) 
hsv: (168, 169, 254)
bgr: (150, 91, 254) 
hsv: (169, 164, 254)
bgr: (157, 94, 254) 
hsv: (168, 161, 254)
bgr: (148, 87, 253) 
hsv: (169, 167, 253)
bgr: (146, 86, 250) 
hsv: (169, 167, 250)
bgr: (143, 80, 252) 
hsv: (169, 174, 252)
bgr: (142, 86, 250) 
hsv: (170, 167, 250)
bgr: (151, 85, 252) 
hsv: (168, 169, 252)
bgr: (156, 104, 254) 
hsv: (170, 151, 254)
bgr: (139, 84, 242) 
hsv: (170, 166, 242)
bgr: (145, 90, 244) 
hsv: (169, 161, 244)
bgr: (154, 100, 250) 
hsv: (169, 153, 250)
bgr: (153, 88, 254) 
hsv: (168, 167, 254)
bgr: (151, 88, 252) 
hsv: (168, 166, 252)
