bgr: (86, 133, 249) 
hsv: (9, 167, 249)
bgr: (79, 122, 249) 
hsv: (8, 174, 249)
bgr: (80, 120, 255) 
hsv: (7, 175, 255)
bgr: (77, 121, 252) 
hsv: (8, 177, 252)
bgr: (95, 134, 250) 
hsv: (8, 158, 250)
bgr: (94, 125, 254) 
hsv: (6, 161, 254)
bgr: (102, 131, 255) 
hsv: (6, 153, 255)
bgr: (88, 123, 255) 
hsv: (6, 167, 255)
bgr: (84, 122, 254) 
hsv: (7, 171, 254)
bgr: (59, 118, 251) 
hsv: (9, 195, 251)
bgr: (92, 122, 255) 
hsv: (6, 163, 255)
bgr: (88, 127, 255) 
hsv: (7, 167, 255)
bgr: (106, 130, 252) 
hsv: (5, 148, 252)
bgr: (103, 130, 251) 
hsv: (5, 150, 251)
bgr: (105, 130, 250) 
hsv: (5, 148, 250)
bgr: (108, 128, 253) 
hsv: (4, 146, 253)
bgr: (109, 133, 255) 
hsv: (5, 146, 255)
bgr: (92, 125, 255) 
hsv: (6, 163, 255)
bgr: (98, 127, 255) 
hsv: (6, 157, 255)
bgr: (89, 126, 254) 
hsv: (7, 166, 254)
bgr: (87, 120, 253) 
hsv: (6, 167, 253)
bgr: (54, 115, 249) 
hsv: (9, 200, 249)
bgr: (79, 122, 255) 
hsv: (7, 176, 255)
bgr: (81, 120, 252) 
hsv: (7, 173, 252)
bgr: (101, 133, 246) 
hsv: (7, 150, 246)
bgr: (134, 149, 241) 
hsv: (4, 113, 241)
bgr: (94, 125, 254) 
hsv: (6, 161, 254)
bgr: (89, 117, 228) 
hsv: (6, 155, 228)
bgr: (92, 119, 229) 
hsv: (6, 153, 229)
bgr: (78, 118, 237) 
hsv: (8, 171, 237)
bgr: (78, 122, 237) 
hsv: (8, 171, 237)
bgr: (90, 115, 235) 
hsv: (5, 157, 235)
bgr: (88, 120, 239) 
hsv: (6, 161, 239)
bgr: (88, 118, 237) 
hsv: (6, 160, 237)
bgr: (86, 117, 232) 
hsv: (6, 160, 232)
bgr: (87, 119, 232) 
hsv: (7, 159, 232)
bgr: (90, 120, 233) 
hsv: (6, 157, 233)
bgr: (95, 122, 236) 
hsv: (6, 152, 236)
bgr: (80, 119, 228) 
hsv: (8, 166, 228)
bgr: (87, 119, 232) 
hsv: (7, 159, 232)
bgr: (83, 118, 222) 
hsv: (8, 160, 222)
bgr: (86, 116, 235) 
hsv: (6, 162, 235)
bgr: (70, 110, 246) 
hsv: (7, 182, 246)
bgr: (61, 105, 250) 
hsv: (7, 193, 250)
bgr: (71, 106, 250) 
hsv: (6, 183, 250)
bgr: (48, 107, 246) 
hsv: (9, 205, 246)
bgr: (36, 100, 248) 
hsv: (9, 218, 248)
bgr: (55, 104, 242) 
hsv: (8, 197, 242)
bgr: (62, 104, 247) 
hsv: (7, 191, 247)
bgr: (70, 115, 248) 
hsv: (8, 183, 248)
bgr: (83, 113, 244) 
hsv: (6, 168, 244)
bgr: (87, 110, 249) 
hsv: (4, 166, 249)
bgr: (69, 106, 250) 
hsv: (6, 185, 250)
bgr: (79, 116, 255) 
hsv: (6, 176, 255)
bgr: (65, 113, 249) 
hsv: (8, 188, 249)
bgr: (62, 106, 249) 
hsv: (7, 192, 249)
bgr: (55, 110, 245) 
hsv: (9, 198, 245)
bgr: (56, 106, 248) 
hsv: (8, 197, 248)
bgr: (64, 104, 247) 
hsv: (7, 189, 247)
bgr: (70, 106, 248) 
hsv: (6, 183, 248)
bgr: (90, 119, 227) 
hsv: (6, 154, 227)
bgr: (82, 119, 235) 
hsv: (7, 166, 235)
bgr: (87, 120, 237) 
hsv: (7, 161, 237)
bgr: (88, 118, 236) 
hsv: (6, 160, 236)
bgr: (83, 121, 233) 
hsv: (8, 164, 233)
bgr: (90, 118, 236) 
hsv: (6, 158, 236)
bgr: (74, 125, 252) 
hsv: (9, 180, 252)
bgr: (97, 131, 250) 
hsv: (7, 156, 250)
bgr: (107, 133, 255) 
hsv: (5, 148, 255)
bgr: (95, 131, 255) 
hsv: (7, 160, 255)
bgr: (79, 116, 250) 
hsv: (6, 174, 250)
bgr: (79, 117, 251) 
hsv: (7, 175, 251)
bgr: (78, 119, 252) 
hsv: (7, 176, 252)
bgr: (75, 119, 255) 
hsv: (7, 180, 255)
bgr: (81, 127, 252) 
hsv: (8, 173, 252)
bgr: (90, 128, 254) 
hsv: (7, 165, 254)
