bgr: (192, 153, 170) 
hsv: (133, 52, 192)
bgr: (187, 140, 170) 
hsv: (139, 64, 187)
bgr: (199, 154, 181) 
hsv: (138, 58, 199)
bgr: (179, 122, 149) 
hsv: (134, 81, 179)
bgr: (200, 138, 174) 
hsv: (137, 79, 200)
bgr: (159, 97, 147) 
hsv: (144, 99, 159)
bgr: (155, 93, 139) 
hsv: (142, 102, 155)
bgr: (152, 92, 135) 
hsv: (142, 101, 152)
bgr: (157, 93, 141) 
hsv: (143, 104, 157)
bgr: (159, 91, 144) 
hsv: (143, 109, 159)
bgr: (156, 93, 137) 
hsv: (141, 103, 156)
bgr: (134, 98, 124) 
hsv: (142, 69, 134)
bgr: (141, 96, 125) 
hsv: (139, 81, 141)
bgr: (135, 94, 127) 
hsv: (144, 77, 135)
bgr: (141, 96, 128) 
hsv: (141, 81, 141)
bgr: (148, 80, 119) 
hsv: (137, 117, 148)
bgr: (149, 79, 116) 
hsv: (136, 120, 149)
bgr: (152, 81, 112) 
hsv: (133, 119, 152)
bgr: (149, 78, 115) 
hsv: (136, 122, 149)
bgr: (141, 77, 113) 
hsv: (137, 116, 141)
bgr: (141, 77, 113) 
hsv: (137, 116, 141)
bgr: (136, 97, 132) 
hsv: (147, 73, 136)
bgr: (158, 118, 159) 
hsv: (151, 66, 159)
bgr: (154, 92, 137) 
hsv: (142, 103, 154)
bgr: (155, 81, 121) 
hsv: (136, 122, 155)
bgr: (153, 78, 120) 
hsv: (137, 125, 153)
bgr: (146, 105, 138) 
hsv: (144, 72, 146)
bgr: (133, 104, 137) 
hsv: (154, 61, 137)
bgr: (156, 97, 128) 
hsv: (136, 96, 156)
bgr: (156, 92, 125) 
hsv: (135, 105, 156)
bgr: (155, 79, 121) 
hsv: (137, 125, 155)
bgr: (153, 88, 123) 
hsv: (136, 108, 153)
bgr: (143, 105, 135) 
hsv: (144, 68, 143)
bgr: (138, 107, 139) 
hsv: (151, 59, 139)
bgr: (153, 79, 122) 
hsv: (137, 123, 153)
bgr: (157, 117, 143) 
hsv: (140, 65, 157)
bgr: (159, 92, 129) 
hsv: (137, 107, 159)
bgr: (175, 115, 143) 
hsv: (134, 87, 175)
bgr: (168, 134, 159) 
hsv: (142, 52, 168)
bgr: (161, 124, 152) 
hsv: (143, 59, 161)
bgr: (153, 112, 139) 
hsv: (140, 68, 153)
bgr: (149, 85, 122) 
hsv: (137, 110, 149)
bgr: (157, 89, 127) 
hsv: (137, 110, 157)
bgr: (152, 114, 138) 
hsv: (139, 64, 152)
bgr: (154, 111, 137) 
hsv: (138, 71, 154)
bgr: (159, 89, 126) 
hsv: (136, 112, 159)
bgr: (151, 85, 121) 
hsv: (136, 111, 151)
bgr: (159, 90, 128) 
hsv: (137, 111, 159)
bgr: (161, 90, 128) 
hsv: (136, 112, 161)
bgr: (158, 85, 126) 
hsv: (137, 118, 158)
bgr: (177, 104, 136) 
hsv: (133, 105, 177)
bgr: (214, 163, 183) 
hsv: (132, 61, 214)
bgr: (213, 166, 186) 
hsv: (133, 56, 213)
bgr: (216, 161, 180) 
hsv: (130, 65, 216)
bgr: (162, 90, 129) 
hsv: (136, 113, 162)
bgr: (166, 91, 133) 
hsv: (137, 115, 166)
bgr: (170, 98, 135) 
hsv: (135, 108, 170)
