bgr: (53, 32, 171) 
hsv: (175, 207, 171)
bgr: (71, 35, 173) 
hsv: (172, 203, 173)
bgr: (61, 30, 175) 
hsv: (174, 211, 175)
bgr: (59, 28, 173) 
hsv: (174, 214, 173)
bgr: (72, 36, 172) 
hsv: (172, 202, 172)
bgr: (66, 35, 168) 
hsv: (173, 202, 168)
bgr: (71, 37, 168) 
hsv: (172, 199, 168)
bgr: (64, 30, 168) 
hsv: (173, 209, 168)
bgr: (66, 30, 168) 
hsv: (172, 209, 168)
bgr: (58, 32, 170) 
hsv: (174, 207, 170)
bgr: (68, 26, 173) 
hsv: (171, 217, 173)
bgr: (60, 29, 174) 
hsv: (174, 213, 174)
bgr: (69, 40, 173) 
hsv: (173, 196, 173)
bgr: (67, 35, 170) 
hsv: (173, 203, 170)
bgr: (56, 28, 175) 
hsv: (174, 214, 175)
bgr: (74, 29, 175) 
hsv: (171, 213, 175)
bgr: (55, 31, 179) 
hsv: (175, 211, 179)
bgr: (65, 27, 169) 
hsv: (172, 214, 169)
bgr: (66, 30, 174) 
hsv: (173, 211, 174)
bgr: (71, 32, 171) 
hsv: (172, 207, 171)
bgr: (67, 31, 177) 
hsv: (173, 210, 177)
bgr: (72, 33, 172) 
hsv: (172, 206, 172)
bgr: (66, 33, 171) 
hsv: (173, 206, 171)
bgr: (52, 28, 170) 
hsv: (175, 213, 170)
bgr: (64, 30, 171) 
hsv: (173, 210, 171)
bgr: (69, 41, 160) 
hsv: (173, 190, 160)
bgr: (65, 41, 167) 
hsv: (174, 192, 167)
bgr: (58, 22, 170) 
hsv: (173, 222, 170)
bgr: (68, 26, 173) 
hsv: (171, 217, 173)
bgr: (63, 31, 179) 
hsv: (174, 211, 179)
bgr: (56, 28, 175) 
hsv: (174, 214, 175)
bgr: (70, 34, 172) 
hsv: (172, 205, 172)
bgr: (62, 38, 172) 
hsv: (175, 199, 172)
bgr: (70, 46, 170) 
hsv: (174, 186, 170)
bgr: (78, 33, 173) 
hsv: (170, 206, 173)
bgr: (66, 32, 170) 
hsv: (173, 207, 170)
bgr: (59, 32, 166) 
hsv: (174, 206, 166)
bgr: (63, 30, 175) 
hsv: (173, 211, 175)
bgr: (66, 32, 170) 
hsv: (173, 207, 170)
bgr: (70, 34, 172) 
hsv: (172, 205, 172)
