bgr: (243, 254, 253) 
hsv: (33, 11, 254)
bgr: (245, 254, 253) 
hsv: (33, 9, 254)
bgr: (239, 254, 253) 
hsv: (32, 15, 254)
bgr: (247, 254, 253) 
hsv: (34, 7, 254)
bgr: (245, 254, 253) 
hsv: (33, 9, 254)
bgr: (233, 253, 253) 
hsv: (30, 20, 253)
bgr: (239, 253, 254) 
hsv: (28, 15, 254)
bgr: (245, 254, 253) 
hsv: (33, 9, 254)
bgr: (241, 253, 254) 
hsv: (28, 13, 254)
bgr: (244, 254, 253) 
hsv: (33, 10, 254)
bgr: (240, 253, 253) 
hsv: (30, 13, 253)
bgr: (243, 253, 253) 
hsv: (30, 10, 253)
bgr: (243, 253, 253) 
hsv: (30, 10, 253)
bgr: (234, 253, 253) 
hsv: (30, 19, 253)
bgr: (219, 254, 253) 
hsv: (31, 35, 254)
bgr: (227, 253, 254) 
hsv: (29, 27, 254)
bgr: (226, 254, 253) 
hsv: (31, 28, 254)
bgr: (191, 254, 254) 
hsv: (30, 63, 254)
bgr: (214, 254, 254) 
hsv: (30, 40, 254)
bgr: (217, 254, 253) 
hsv: (31, 37, 254)
bgr: (187, 254, 254) 
hsv: (30, 67, 254)
bgr: (169, 254, 254) 
hsv: (30, 85, 254)
bgr: (135, 254, 254) 
hsv: (30, 119, 254)
bgr: (83, 243, 243) 
hsv: (30, 168, 243)
bgr: (160, 254, 254) 
hsv: (30, 94, 254)
bgr: (141, 254, 254) 
hsv: (30, 113, 254)
bgr: (181, 254, 254) 
hsv: (30, 73, 254)
bgr: (60, 249, 254) 
hsv: (29, 195, 254)
bgr: (158, 254, 254) 
hsv: (30, 96, 254)
bgr: (50, 248, 215) 
hsv: (35, 204, 248)
bgr: (172, 254, 254) 
hsv: (30, 82, 254)
bgr: (161, 254, 254) 
hsv: (30, 93, 254)
bgr: (217, 252, 253) 
hsv: (29, 36, 253)
bgr: (218, 253, 253) 
hsv: (30, 35, 253)
bgr: (216, 252, 253) 
hsv: (29, 37, 253)
bgr: (212, 252, 254) 
hsv: (29, 42, 254)
bgr: (232, 251, 253) 
hsv: (27, 21, 253)
bgr: (225, 251, 253) 
hsv: (28, 28, 253)
bgr: (225, 251, 253) 
hsv: (28, 28, 253)
bgr: (189, 254, 254) 
hsv: (30, 65, 254)
bgr: (249, 253, 252) 
hsv: (38, 4, 253)
bgr: (236, 253, 253) 
hsv: (30, 17, 253)
bgr: (235, 253, 253) 
hsv: (30, 18, 253)
bgr: (240, 252, 253) 
hsv: (28, 13, 253)
bgr: (245, 252, 252) 
hsv: (30, 7, 252)
bgr: (248, 250, 251) 
hsv: (20, 3, 251)
bgr: (167, 251, 254) 
hsv: (29, 87, 254)
bgr: (159, 251, 254) 
hsv: (29, 95, 254)
bgr: (141, 253, 254) 
hsv: (30, 113, 254)
bgr: (5, 230, 254) 
hsv: (27, 250, 254)
bgr: (4, 224, 252) 
hsv: (27, 251, 252)
bgr: (1, 230, 253) 
hsv: (27, 254, 253)
bgr: (21, 228, 254) 
hsv: (27, 234, 254)
bgr: (11, 218, 240) 
hsv: (27, 243, 240)
bgr: (1, 215, 244) 
hsv: (26, 254, 244)
bgr: (32, 222, 244) 
hsv: (27, 222, 244)
bgr: (10, 211, 238) 
hsv: (26, 244, 238)
bgr: (23, 212, 231) 
hsv: (27, 230, 231)
bgr: (45, 246, 254) 
hsv: (29, 210, 254)
bgr: (60, 249, 254) 
hsv: (29, 195, 254)
bgr: (118, 251, 254) 
hsv: (29, 137, 254)
bgr: (29, 233, 243) 
hsv: (29, 225, 243)
bgr: (9, 249, 254) 
hsv: (29, 246, 254)
bgr: (35, 218, 229) 
hsv: (28, 216, 229)
bgr: (38, 216, 230) 
hsv: (28, 213, 230)
bgr: (199, 254, 254) 
hsv: (30, 55, 254)
bgr: (216, 254, 253) 
hsv: (31, 38, 254)
bgr: (202, 254, 254) 
hsv: (30, 52, 254)
bgr: (194, 254, 254) 
hsv: (30, 60, 254)
bgr: (177, 254, 254) 
hsv: (30, 77, 254)
bgr: (205, 254, 254) 
hsv: (30, 49, 254)
bgr: (204, 254, 254) 
hsv: (30, 50, 254)
bgr: (184, 254, 254) 
hsv: (30, 70, 254)
